
     0
     0
    -1
    -1
    -1
    -7
     2
     7
   -32
    -2
   -69
   -62
    48
  -383
    84
  1216
  -346
 -2648
  1243
 13661
 27468
 31356
 30577
 28703
 28523
 28396
 27691
 26960
 26333
 25650
 25037
 24412
 23772
 23156
 22597
 22086
 21537
 20289
 18617
 17090
 15771
 14558
 13263
 11949
 10694
  9482
  8568
  7835
  7023
  5994
  4930
  4256
  3693
  3045
  2456
  1827
  1176
   431
  -241
  -700
 -1219
 -1696
 -2029
 -2271
 -2511
 -2958
 -3374
 -3623
 -3894
 -4219
 -4573
 -4752
 -4871
 -5125
 -5294
 -5452
 -5591
 -5630
 -5709
 -5755
 -5849
 -5981
 -6043
 -6211
 -6425
 -6521
 -6503
 -6469
 -6507
 -6447
 -6308
 -6291
 -6370
 -6469
 -6345
 -6151
 -6154
 -6076
 -6040
 -6146
 -6298
 -6469
 -6381
 -6261
 -6348
 -6523
 -6703
 -6605
 -6364
 -6308
 -6456
 -6259
 -4772
 -2711
 -2060
 -3530
 -5781
 -6835
 -6557
 -6149
 -6109
 -6292
 -6370
 -6198
 -5831
 -5414
 -5321
 -5499
 -5550
 -5395
 -5127
 -4962
 -4949
 -4912
 -4861
 -4693
 -4376
 -4185
 -4134
 -4129
 -4082
 -3960
 -3922
 -3982
 -4093
 -4066
 -3797
 -3631
 -3695
 -3827
 -3812
 -3595
 -3443
 -3411
 -3461
 -3521
 -3378
 -3116
 -2896
 -2899
 -3130
 -3153
 -2956
 -2807
 -2781
 -2773
 -2566
 -2316
 -2174
 -2146
 -2255
 -2369
 -2493
 -2492
 -2321
 -2271
 -2312
 -2250
 -1969
 -1659
 -1734
 -2041
 -2189
 -2152
 -2089
 -2055
 -1842
 -1472
 -1312
 -1439
 -1680
 -1746
 -1632
 -1619
 -1652
 -1671
 -1619
 -1457
 -1357
 -1277
 -1217
 -1229
 -1249
 -1315
 -1324
 -1216
 -1088
  -986
  -960
  -894
  -753
  -642
  -522
  -474
  -549
  -718
  -944
 -1063
 -1021
  -796
  -515
  -450
  -562
  -812
 -1104
  -899
   194
  1772
  2656
  1972
   391
  -769
 -1069
  -937
  -928
 -1062
 -1154
 -1217
 -1148
  -926
  -615
  -408
  -422
  -439
  -443
  -426
  -463
  -623
  -564
  -339
  -176
   -84
   -96
   -45
    59
    63
   -40
  -254
  -421
  -464
  -458
  -376
  -238
  -113
  -147
  -342
  -456
  -478
  -385
  -225
  -254
  -336
  -340
  -267
  -119
  -109
  -170
  -156
  -154
  -178
  -188
   -78
   -10
  -106
  -132
  -100
   -49
   -25
   -68
   -33
   -42
  -137
  -242
  -406
  -447
  -319
  -117
    11
   -79
  -139
   -90
   -57
   -71
  -199
  -300
  -326
  -295
  -127
   -28
  -112
  -259
  -271
   -94
   -56
  -171
  -185
  -115
   -39
   -93
  -169
  -109
   -89
   -74
    10
    70
    82
    61
   179
   356
   323
   170
   -15
   -91
   -58
  -153
  -236
  -247
  -220
  -163
  -339
  -621
  -388
   964
  2876
  3589
  2371
   251
 -1068
  -967
  -527
  -501
  -680
  -791
  -704
  -578
  -501
  -433
  -410
  -364
  -331
  -300
  -214
  -158
   -67
   -27
   -91
   -55
    19
    88
    80
   -48
   -57
    33
    87
    25
  -174
  -317
  -352
  -262
  -156
  -211
  -253
  -250
  -299
  -390
  -540
  -533
  -358
  -232
  -156
  -136
   -84
     4
   -75
  -212
  -206
   -16
   141
    15
  -179
  -220
   -96
   -44
  -207
  -222
  -114
   -50
    36
   -74
  -288
  -348
  -277
  -150
  -150
  -251
  -260
  -132
     9
    -8
   -71
  -170
  -360
  -400
  -275
  -165
  -108
   -77
    -7
    19
   -24
   -26
  -121
  -323
  -388
  -195
   122
   210
    97
   149
   356
   454
   211
  -163
  -270
  -193
  -139
  -288
  -568
  -600
  -373
  -217
  -413
  -473
   606
  2484
  3453
  2388
   215
 -1066
  -973
  -564
  -585
  -786
  -755
  -698
  -748
  -747
  -678
  -484
  -343
  -425
  -539
  -512
  -260
   -23
  -122
  -339
  -339
   -97
   127
    89
   -56
  -134
  -114
   -71
  -113
  -137
  -171
  -201
  -156
  -201
  -296
  -407
  -508
  -532
  -579
  -544
  -392
  -277
  -224
  -227
  -173
  -123
  -224
  -292
  -267
  -274
  -270
  -121
   168
   201
  -138
  -403
  -347
  -122
  -126
  -267
  -170
   -29
    22
   -24
  -141
  -173
  -212
  -256
  -226
  -192
  -106
    58
   204
   153
   -52
  -146
  -130
  -132
  -182
  -167
   104
   424
   485
   355
   189
    87
    21
  -122
  -189
  -155
  -182
  -169
   -37
    20
  -182
   -82
  1104
  2690
  3023
  1549
  -310
  -895
  -525
  -324
  -516
  -685
  -577
  -481
  -494
  -411
  -254
   -82
   -67
  -170
  -173
  -110
   -36
   -29
   -20
    77
   129
   204
   313
   323
   287
   215
   143
     9
  -221
  -233
   -39
    12
  -168
  -364
  -349
  -269
  -309
  -426
  -493
  -406
  -356
  -392
  -322
  -234
  -205
  -247
  -286
  -139
    -8
   -82
  -239
  -266
  -100
   -37
  -159
  -325
  -434
  -325
  -146
   -88
  -110
  -180
  -191
  -171
  -193
  -212
  -202
   -29
   241
   392
   338
    70
  -148
  -216
  -294
  -294
  -265
  -334
  -416
  -476
  -530
  -543
   -63
  1331
  2879
  3122
  1622
  -276
 -1062
  -897
  -645
  -580
  -589
  -536
  -522
  -548
  -466
  -366
  -329
  -339
  -332
  -304
  -272
   -78
   127
   144
   146
   172
   179
   179
   174
   218
   231
   152
    41
   -41
   -44
   -71
  -109
  -120
  -249
  -371
  -352
  -270
  -216
  -272
  -314
  -317
  -312
  -190
   -35
    50
   -39
  -258
  -241
     8
   137
    39
   -84
   -57
   -37
   -92
   -98
   -37
   100
   143
    40
   -25
  -118
  -162
   -72
   -11
   -12
   -57
    83
   436
   613
   505
   224
    64
    79
   -30
  -180
  -258
  -235
  -113
   -48
  -105
  -380
  -331
   945
  2923
  3883
  2767
   512
  -916
  -948
  -505
  -408
  -547
  -456
  -293
  -273
  -340
  -478
  -492
  -422
  -352
  -143
    30
    91
   117
   115
   153
   201
   225
   212
   172
   162
   116
    70
    59
    21
    61
   105
    20
  -108
  -212
  -168
   -83
  -163
  -242
  -190
   -63
   -29
  -109
   -83
    -9
   -27
  -140
  -229
   -97
    61
    88
   111
   121
    97
   -21
  -138
   -82
    -7
    16
    -1
   -38
     6
     2
   -45
   -54
   -86
   -25
    84
    79
    -9
   -13
   200
   398
   413
   313
   163
   102
    34
   -49
    14
   -42
  -274
  -402
  -314
  -117
  -185
   -78
  1213
  3117
  3766
  2353
   247
  -853
  -810
  -456
  -465
  -566
  -458
  -446
  -432
  -337
  -291
  -248
  -272
  -374
  -428
  -286
   -26
   122
   180
   171
    82
    70
   121
   156
   221
   184
    59
    -7
     5
    59
    -8
  -108
  -116
   -23
   145
   104
   -83
  -153
  -108
    18
    29
   -63
   -71
   -19
    83
   131
    93
    37
   -39
    20
   225
   370
   287
   -12
  -197
  -127
    50
   163
    37
  -174
  -212
   -83
   124
   158
   -30
  -151
  -118
   -25
   -52
  -217
  -337
  -306
   -52
   213
   226
    72
  -105
   -80
   161
   381
   497
   428
   268
   149
    73
    33
  -130
  -286
  -275
  -233
  -127
  -159
  -479
  -498
   557
  2486
  3665
  2883
   897
  -592
  -809
  -556
  -561
  -614
  -618
  -607
  -587
  -567
  -427
  -272
  -239
  -220
  -174
  -173
  -281
  -326
  -173
    17
   154
   161
   150
   251
   242
   118
    -2
  -127
  -145
   -86
   -20
    34
   -16
  -143
  -264
  -245
   -99
   -83
  -202
  -313
  -283
  -109
   -48
   -98
  -116
  -102
   -35
   -30
  -125
  -182
  -117
    40
    67
   -50
   -91
   -38
    22
   -59
  -221
  -216
   -85
     5
   -74
  -235
  -229
  -126
   -11
    68
   -11
  -116
  -126
   -87
  -107
  -222
  -219
    33
   382
   549
   464
   332
   116
  -196
  -371
  -382
  -287
  -182
  -104
    33
   -34
  -343
   -96
  1323
  3005
  3140
  1436
  -488
 -1193
  -777
  -350
  -346
  -369
  -330
  -303
  -326
  -401
  -381
  -296
  -278
  -374
  -438
  -286
   -60
   108
   198
   229
   291
   290
   222
   140
   -48
  -191
  -143
    -8
    62
   -48
  -190
  -214
  -184
  -156
  -196
  -264
  -326
  -393
  -330
  -260
  -355
  -509
  -455
   -40
   293
   183
  -132
  -321
  -204
    23
    48
   -91
  -166
   -50
   113
   219
   288
   239
    98
   -88
  -316
  -368
  -212
   -41
    70
     7
  -155
  -230
  -233
  -217
  -197
  -106
   -83
  -151
   -30
   170
   221
   160
    91
    92
    -7
  -216
  -283
  -242
  -202
  -159
  -117
  -254
  -568
  -111
  1678
  3538
  3692
  1895
  -110
  -838
  -620
  -429
  -618
  -739
  -607
  -499
  -392
  -307
  -259
  -192
  -229
  -302
  -315
  -248
  -105
    -2
    98
   197
   247
   279
   231
   178
   102
   -58
   -95
   -17
    84
   144
   105
    99
    78
    18
     2
    -5
    11
   -88
  -277
  -262
   -96
    48
   103
   138
   270
   311
   128
   -94
  -144
    -2
    96
   115
   163
   145
    90
    49
    31
    66
    15
   -52
   -27
    -2
     2
   -36
   -17
    33
   -11
   -29
   -54
   -60
    13
    12
   -37
  -118
  -170
   -23
   189
   232
    33
  -174
  -148
     1
   165
   277
   340
   445
   435
   212
  -106
  -324
  -300
  -204
  -171
  -226
  -228
   -17
  -104
  -526
  -117
  1675
  3635
  3800
  1889
  -219
  -994
  -730
  -488
  -581
  -736
  -817
  -670
  -412
  -316
  -355
  -429
  -367
  -213
  -223
  -285
  -284
  -198
    48
   255
   254
   111
    31
   116
   145
    82
    29
    -1
     4
   -34
   -68
   -54
   -74
   -53
    19
    95
    97
   -54
  -154
  -128
  -111
  -126
  -153
   -87
    48
    77
    22
   -30
   -19
   -37
  -108
   -27
    80
    66
   -25
  -181
  -199
   -99
   -92
  -131
  -140
  -101
  -117
  -189
  -138
    10
   141
    55
  -215
  -300
  -232
  -131
    -3
     9
   -75
  -151
   -75
   132
   150
   -34
  -198
  -212
  -117
   -90
   -60
   -26
   -75
   -63
     2
   110
   188
   109
    41
    60
   187
   315
   226
    14
  -191
  -233
  -129
  -195
  -357
  -334
  -178
  -262
  -634
  -246
  1560
  3490
  3623
  1738
  -259
  -962
  -830
  -671
  -722
  -689
  -559
  -613
  -687
  -676
  -621
  -539
  -466
  -336
  -261
  -322
  -355
  -250
   -15
   128
    40
   -66
   -74
   -10
     6
   -93
  -147
  -169
  -144
   -56
   -66
  -120
  -237
  -335
  -257
  -241
  -378
  -475
  -364
  -149
  -106
  -198
  -279
  -254
  -169
  -187
  -175
  -132
  -177
  -125
   -14
    23
    23
   -51
  -138
  -206
  -233
  -162
   -66
   -22
  -109
  -196
  -127
   -44
    -6
   -81
  -268
  -331
  -269
  -177
   -87
   -83
  -128
  -170
  -123
    56
   148
    23
  -263
  -453
  -336
  -140
   -34
   -17
   -40
     3
    28
    32
    10
   -97
   -43
   246
   515
   514
   228
     2
   -48
  -118
  -276
  -447
  -437
  -280
  -230
  -355
  -390
   441
  2195
  3447
  2900
   870
  -879
 -1240
  -824
  -470
  -482
  -641
  -669
  -598
  -430
  -384
  -543
  -626
  -538
  -308
  -159
  -181
  -193
  -178
   -69
    93
   162
   163
    69
   -13
   -10
   -37
   -30
    18
    67
    77
   -68
  -193
  -190
  -195
  -254
  -343
  -337
  -245
  -208
  -172
  -116
   -98
  -129
  -179
  -127
   -54
  -104
  -169
  -175
   -64
    21
   -38
   -11
   109
   196
   143
   -69
  -208
  -216
  -132
   -17
    23
    21
    32
    98
   104
   -19
   -79
   -79
   -73
    -5
    31
    65
   155
   275
   457
   563
   488
   291
   108
   -45
  -253
  -319
  -240
  -171
   -72
  -132
  -354
  -267
   708
  2474
  3617
  2967
  1058
  -569
  -969
  -678
  -538
  -611
  -631
  -513
  -429
  -426
  -391
  -363
  -341
  -357
  -403
  -269
   -80
   -26
    26
   111
   194
   232
   197
   156
   123
   139
   134
    66
    72
    53
   -17
   -93
  -226
  -232
  -127
   -64
   -74
  -199
  -288
  -276
  -193
   -46
   -14
   -48
   -25
     0
    27
   -18
   -99
  -140
  -143
    16
   201
   218
    52
  -209
  -246
   -79
    60
   105
   -40
  -201
  -253
  -252
  -194
  -140
   -38
     2
   -89
   -69
    95
   285
   305
   117
    -5
   -69
  -201
  -353
  -393
  -309
  -316
  -359
  -325
  -421
  -487
   159
  1796
  3380
  3262
  1386
  -511
 -1128
  -786
  -515
  -604
  -661
  -599
  -548
  -581
  -560
  -410
  -352
  -357
  -374
  -366
  -247
  -145
     6
   135
    67
    33
   182
   387
   372
   120
   -45
   -21
   107
   168
    94
     7
  -116
  -205
  -194
  -236
  -271
  -249
  -224
  -138
   -53
   -24
   -90
  -242
  -254
   -97
    50
    17
  -168
  -195
   -62
    69
   148
    64
   -66
  -152
  -133
    32
    96
   -28
  -226
  -235
   -23
   -19
  -208
  -282
  -143
   108
   109
  -141
  -201
    55
   389
   519
   413
   250
    99
   -46
  -216
  -310
  -238
  -272
  -336
  -184
   -66
  -227
  -340
   524
  2280
  3277
  2440
   481
  -876
  -914
  -524
  -413
  -550
  -675
  -618
  -486
  -354
  -292
  -330
  -336
  -305
  -176
    15
    92
   106
    47
     1
    77
   133
   149
    93
    42
   117
   180
   224
   177
    27
     8
    10
  -105
  -264
  -338
  -229
  -154
  -191
  -231
  -238
  -200
  -224
  -196
   -46
   -36
   -98
   -69
    -3
    12
   -78
  -129
   -98
   -31
    60
    90
   126
   105
   -57
  -148
  -112
    22
   156
   102
   -13
   -13
    87
   134
    25
   -48
     1
    92
   186
   200
   225
   302
   359
   438
   415
   247
    46
  -120
  -128
   -51
   -36
   -69
   -65
    -5
  -124
  -175
   687
  2427
  3630
  2899
   833
  -631
  -832
  -536
  -500
  -637
  -520
  -418
  -529
  -576
  -489
  -314
  -161
   -94
   -77
  -129
  -158
  -134
   -49
    77
    84
    78
   128
   132
   177
   212
   139
   -64
  -272
  -227
   -63
    -4
   -99
  -276
  -265
  -133
  -107
  -210
  -387
  -389
  -205
   -80
   -97
  -190
  -126
    59
   100
    30
   -99
  -164
   -74
    27
   106
   116
    26
  -143
  -325
  -276
   -85
     1
   -38
  -172
  -163
   -24
     7
   -32
  -117
  -171
  -183
  -210
  -125
   -19
    31
    56
   -14
  -105
  -199
  -208
     3
   325
   585
   560
   341
   207
    92
   -51
  -251
  -450
  -431
  -269
   -94
   -28
  -243
  -516
  -111
  1496
  3308
  3574
  2004
    -9
  -972
  -807
  -475
  -449
  -574
  -681
  -697
  -638
  -532
  -442
  -421
  -366
  -278
  -200
  -154
  -239
  -301
  -231
   -55
   117
    93
    26
     8
   -10
   -11
  -100
  -195
  -265
  -340
  -256
  -118
   -81
  -146
  -257
  -250
  -170
  -149
  -230
  -310
  -220
  -133
  -167
  -227
  -258
   -98
    85
    36
   -88
  -115
    23
   124
   -17
  -209
  -246
  -124
   -51
   -86
   -57
   -39
   -95
  -160
  -223
  -212
  -158
  -127
  -155
  -243
  -241
  -162
   -92
   -42
   -68
   -61
   -16
   -76
  -146
  -207
  -203
   -99
   -54
   -60
   -67
   -11
    72
    18
   -31
    83
   354
   566
   461
   203
    -7
  -125
  -134
  -158
  -207
  -235
  -236
  -183
  -286
  -464
    91
  1785
  3515
  3515
  1653
  -309
 -1035
  -740
  -437
  -528
  -597
  -534
  -431
  -324
  -329
  -368
  -421
  -428
  -318
  -234
  -193
  -198
  -155
    38
   185
   189
    97
    83
   168
   148
   111
    68
   -11
   -15
   -43
   -88
   -93
  -112
  -114
  -118
  -172
  -211
  -230
  -279
  -289
  -162
   -15
   -65
  -210
  -217
   -51
   102
    10
  -127
   -74
    11
    -3
  -145
  -240
  -100
    61
    51
   -71
  -145
   -97
    -5
    62
   -24
  -194
  -216
  -188
  -180
  -140
   -89
    -4
    30
   -51
  -160
  -170
  -105
  -103
   -58
    64
   135
   261
   387
   345
   198
     0
  -150
  -219
  -265
  -295
  -342
  -290
  -201
  -321
  -371
   387
  2131
  3478
  2864
   854
  -747
 -1045
  -683
  -563
  -592
  -505
  -406
  -356
  -350
  -334
  -342
  -312
  -216
  -241
  -229
   -79
    21
    58
    48
   156
   346
   333
   181
    73
    90
   134
    36
   -82
  -120
   -42
   106
    92
   -84
  -284
  -381
  -318
  -282
  -274
  -176
   -69
     4
   -28
  -117
  -173
  -244
  -179
     5
    81
    56
    19
    56
    57
   -31
   -68
   -93
   -77
   -57
   -92
   -82
  -140
  -173
   -68
   -51
  -119
  -178
  -154
   -29
    21
   -12
   -92
  -154
  -118
   -86
   -54
     1
   129
   385
   513
   455
   287
    65
   -58
  -187
  -312
  -340
  -321
  -154
   -20
  -158
  -367
     2
  1470
  3164
  3486
  2039
    47
  -946
  -777
  -385
  -357
  -591
  -712
  -655
  -601
  -495
  -342
  -242
  -221
  -240
  -105
    80
    80
    13
    43
   238
   415
   406
   365
   306
   183
    59
     6
    87
   162
   156
    79
   -58
  -129
  -184
  -256
  -291
  -311
  -204
   -49
   -16
   -56
  -146
  -205
  -233
  -259
  -171
   -38
    21
   -27
   -40
    98
    91
  -164
  -389
  -342
   -70
    33
  -111
  -226
  -222
  -139
  -114
  -157
  -168
  -205
  -208
  -137
   -89
  -108
  -256
  -305
    23
   497
   704
   474
   152
    42
   -88
  -308
  -447
  -379
  -179
  -116
  -136
  -203
  -435
  -523
   207
  1915
  3259
  2755
   850
  -762
 -1036
  -607
  -547
  -759
  -721
  -422
  -251
  -361
  -472
  -460
  -333
  -160
  -102
  -134
  -156
  -148
   -92
    14
    78
     2
   -38
    86
   116
    44
    36
    52
   104
    57
   -87
   -85
   -48
   -93
  -166
  -182
   -16
   169
    64
  -324
  -502
   -70
   408
   251
  -341
  -665
  -285
   283
   494
   423
   104
  -147
  -162
  -198
  -273
  -374
  -269
    50
   190
    79
  -137
  -138
  -108
  -336
  -386
  -156
    93
    97
  -211
  -377
  -249
   -21
    62
  -144
  -373
  -421
  -235
    77
   276
   439
   528
   450
   377
   248
    -4
  -306
  -453
  -267
  -142
  -287
  -438
  -448
  -218
   551
  2162
  3667
  3458
  1570
  -401
 -1095
  -740
  -412
  -364
  -348
  -373
  -465
  -529
  -467
  -361
  -354
  -349
  -359
  -388
  -236
    35
   198
   133
    47
   191
   286
   131
  -123
  -244
  -188
  -165
   -54
   147
   108
  -104
  -310
  -405
  -380
  -362
  -272
  -217
  -355
  -467
  -409
  -294
  -366
  -442
  -244
   -62
    -5
   -25
  -144
  -271
  -394
  -374
  -171
   -36
   -63
   -94
   -44
  -114
  -375
  -537
  -435
  -254
  -176
  -162
  -121
  -159
  -390
  -575
  -531
  -279
    48
   174
   148
     9
  -142
    61
   460
   623
   388
    24
  -108
   -92
   -83
  -202
  -334
  -262
  -263
  -446
  -578
  -185
  1307
  3259
  3948
  2539
   210
 -1152
 -1161
  -778
  -715
  -769
  -579
  -458
  -617
  -794
  -870
  -748
  -448
  -237
  -193
  -208
  -121
    35
    10
  -123
  -143
   -62
   -80
  -206
   -56
   281
   333
    60
  -256
  -330
  -269
  -280
  -252
  -129
    -1
   -84
  -263
  -254
  -252
  -305
  -358
  -413
  -277
   -23
   162
   226
   144
    -4
  -117
  -116
  -104
  -179
  -195
  -149
   -42
   125
   109
   -58
  -223
  -318
  -202
  -105
  -164
  -187
  -105
    59
    79
   -32
   -50
   -19
   -15
  -121
  -186
   -12
   277
   586
   664
   499
   422
   354
   171
  -137
  -469
  -524
  -340
  -144
   -83
  -237
  -449
  -139
  1298
  3093
  3579
  2298
   327
  -750
  -540
  -233
  -494
  -929
 -1136
  -993
  -751
  -618
  -536
  -458
  -373
  -371
  -365
  -293
  -247
  -153
   -37
    90
   130
   -62
  -179
   -38
   146
   242
   213
    80
   -69
  -116
   -49
  -117
  -344
  -378
  -161
    -5
  -102
  -228
   -85
   108
   122
    31
   -98
  -257
  -413
  -255
   165
   190
  -165
  -372
  -210
    82
    88
  -112
  -278
  -310
  -168
    17
   116
    11
  -146
  -104
     7
     8
   -97
  -139
  -104
  -118
   -43
    49
     9
    50
   231
   439
   567
   485
   235
   -82
  -280
  -187
   -21
   -99
  -283
  -132
   236
   119
  -357
    39
  1803
  3412
  3021
  1057
  -513
  -777
  -426
  -339
  -531
  -657
  -707
  -749
  -710
  -532
  -354
  -297
  -158
    20
   -27
  -209
  -338
  -251
   -38
    68
   140
   182
   157
   136
   217
   383
   239
  -217
  -423
  -216
    34
    20
   -74
   -80
  -205
  -382
  -422
  -356
  -290
  -374
  -360
   -94
    17
   -98
  -221
  -259
  -276
  -334
  -191
    57
   101
   -75
  -377
  -481
  -367
  -352
  -454
  -476
  -233
    56
     8
  -336
  -635
  -532
  -179
    95
   309
   296
   115
   222
   570
   703
   347
  -256
  -591
  -547
  -437
  -500
  -507
  -255
  -132
  -394
  -545
   298
  2007
  2947
  2053
   102
 -1267
 -1250
  -633
  -344
  -501
  -818
  -889
  -637
  -384
  -365
  -408
  -326
  -298
  -401
  -429
  -242
    35
   111
     5
   -14
    24
   -24
  -109
  -111
    20
    47
  -128
  -232
  -227
  -255
  -389
  -535
  -501
  -392
  -360
  -393
  -410
  -378
  -411
  -452
  -472
  -523
  -483
  -395
  -352
  -375
  -463
  -461
  -458
  -551
  -498
  -345
  -325
  -430
  -500
  -400
  -253
  -241
  -453
  -712
  -634
  -219
   251
   410
   139
   -90
  -145
  -304
  -507
  -650
  -671
  -630
  -610
  -509
  -458
  -575
  -532
   280
  1862
  2861
  2095
   131
 -1382
 -1461
  -710
  -188
  -172
  -441
  -650
  -705
  -687
  -607
  -612
  -599
  -453
  -304
   -95
    54
    54
     7
   -60
   -45
   -22
   -25
   -28
  -117
  -104
   124
   412
   429
    96
  -116
  -147
  -239
  -363
  -462
  -423
  -287
  -137
    16
    38
   -86
  -259
  -286
  -120
   -89
  -215
  -222
   -51
   198
   217
   -60
  -256
  -221
    -3
   246
   288
    77
  -194
  -143
   206
   494
   604
   560
   469
   275
    47
     3
   -21
   -94
  -110
  -143
  -233
  -306
  -289
  -238
   -14
   915
  2382
  3139
  2334
   604
  -537
  -593
  -359
  -320
  -398
  -461
  -486
  -419
  -185
     8
    48
    21
   -18
    28
    72
    72
   150
   217
   275
   354
   373
   406
   349
   260
   292
   233
   103
   -43
   -29
   239
   292
    51
  -211
  -266
  -186
  -257
  -270
  -135
    46
   144
  -111
  -414
  -422
  -221
    62
   177
   107
    24
   -53
   -76
  -107
  -187
  -231
  -232
  -145
   -58
    34
   236
   368
   461
   554
   484
   258
   -48
  -201
  -158
  -153
  -231
  -308
  -206
   -22
   -61
  -317
  -432
   352
  2033
  3132
  2554
   848
  -513
  -737
  -430
  -350
  -551
  -622
  -430
  -326
  -324
  -303
  -262
  -158
  -208
  -351
  -283
   -82
   104
   180
   178
   217
   314
   426
   348
   100
   -26
    -1
   150
   249
   167
   162
   193
    79
  -132
  -348
  -368
  -229
  -111
   -42
   -22
    59
   117
    62
    24
   -24
   -17
    22
   -12
     2
    52
   149
   173
    77
   119
   151
   -10
  -198
  -148
   181
   372
   304
   245
   355
   600
   690
   600
   476
   252
     6
  -146
  -182
  -159
  -144
  -122
  -152
  -266
  -351
   -50
  1169
  2828
  3385
  2304
   563
  -586
  -726
  -538
  -441
  -306
  -195
  -209
  -328
  -342
  -341
  -444
  -439
  -352
  -144
   149
   289
   338
   267
   138
   159
   200
   172
    77
    38
   164
   217
   171
   171
   230
   280
   182
    88
    62
   -19
   -69
   -76
     8
   136
   122
    66
     1
   -94
   -58
    29
    17
   -60
  -110
    21
   258
   380
   301
    93
   -28
   -84
  -148
  -168
  -124
    90
   264
   219
   157
    67
   -22
   -26
    26
   175
   278
   338
   541
   783
   793
   430
   -13
  -221
  -245
  -183
  -165
  -117
   -10
  -208
  -528
  -126
  1438
  3154
  3243
  1546
  -274
  -871
  -500
  -162
  -163
  -286
  -460
  -585
  -461
  -182
  -143
  -345
  -344
  -105
    71
    86
     3
    63
   307
   471
   371
    81
   -23
   119
   179
    77
   -25
   129
   430
   547
   488
   268
   -54
  -259
  -226
   -39
    -8
    -2
   229
   327
   156
   -46
   -88
    56
    91
   -17
   -36
   114
   296
   209
   -16
  -120
   -85
    64
    -2
  -188
  -145
  -102
  -151
  -190
  -160
   -80
  -128
  -210
  -209
  -133
   -91
  -217
  -282
  -186
    59
   483
   712
   560
   241
  -102
  -281
  -288
  -271
  -221
  -172
  -127
  -107
  -239
  -485
  -384
   759
  2504
  3319
  2401
   441
  -904
  -974
  -616
  -429
  -467
  -588
  -664
  -731
  -646
  -434
  -274
  -213
  -258
  -243
  -155
  -122
   -82
   -30
    36
   121
   173
   217
   164
    -5
  -142
  -148
   -41
   -27
   -46
    55
    81
     9
  -101
  -225
  -259
  -282
  -275
  -158
   -19
    21
   -52
   -89
  -102
  -121
   -93
  -102
   -82
    22
    64
    11
   -66
  -101
   -88
   -47
   -46
  -185
  -321
  -302
  -270
  -285
  -270
  -192
   -46
   -77
  -269
  -201
   140
   466
   513
   298
    76
  -135
  -297
  -370
  -389
  -357
  -348
  -316
  -371
  -585
  -318
   999
  2806
  3522
  2276
   243
  -963
  -998
  -651
  -695
  -873
  -831
  -652
  -371
  -250
  -348
  -415
  -334
  -184
  -226
  -326
  -277
  -123
    41
     9
     9
   199
   327
   308
    85
  -172
  -236
  -162
    -5
   102
   161
   175
    23
  -147
  -207
  -186
  -141
  -238
  -381
  -343
  -185
   -99
  -136
  -157
  -106
  -108
  -157
  -215
  -288
  -309
  -241
   -31
   147
     4
  -272
  -354
  -149
    95
    60
   -86
   -78
   193
   530
   601
   495
   318
    85
  -149
  -327
  -316
  -252
  -226
   -69
    74
  -130
  -372
   449
  2439
  3686
  2745
   527
  -970
  -980
  -531
  -466
  -505
  -291
   -75
  -229
  -457
  -464
  -379
  -262
  -291
  -397
  -324
  -234
  -130
    93
   296
   389
   335
   257
   204
    95
   -39
  -157
   -86
   101
   145
    92
    -7
   -41
    14
   -88
  -262
  -333
  -291
  -147
   -66
  -100
  -189
  -176
     5
    61
   -30
  -110
  -179
  -119
   -52
  -127
  -213
  -232
   -94
   100
   130
   -13
  -146
   -31
   181
   238
   213
    93
   -81
  -249
  -447
  -529
  -485
  -395
  -326
  -333
  -402
  -541
  -188
  1167
  2678
  2954
  1573
  -271
 -1036
  -702
  -320
  -448
  -748
  -757
  -524
  -341
  -335
  -367
  -223
   -77
  -149
  -283
  -309
  -135
    81
   162
   153
    37
    -7
    17
   -84
  -166
  -170
   -65
    83
    86
    37
    22
     1
  -136
  -330
  -363
  -335
  -301
  -220
  -122
    49
    86
   -61
  -124
   -84
     9
    35
     0
    31
    45
    73
    93
    62
   106
   200
   284
   320
   350
   477
   551
   465
   347
   260
   131
  -145
  -354
  -231
    -1
    42
  -145
  -377
  -255
   605
  2114
  3146
  2559
   852
  -574
  -943
  -598
  -406
  -500
  -595
  -623
  -518
  -383
  -349
  -422
  -439
  -283
  -183
  -203
  -255
  -302
  -246
  -138
    40
   234
   229
    96
  -122
  -307
  -225
  -100
   -65
   -20
   -55
  -204
  -383
  -321
   -15
   129
   -25
  -328
  -407
  -241
  -139
   -23
    31
     1
    81
    98
   -36
  -249
  -350
  -171
    85
   259
   283
   130
   -79
  -154
    64
   317
   387
   454
   420
   177
   -67
  -153
   -92
  -128
  -259
  -182
    95
   211
  -136
  -409
   339
  1986
  3229
  2789
   991
  -543
  -937
  -562
  -239
  -345
  -582
  -696
  -582
  -371
  -345
  -397
  -402
  -371
  -323
  -308
  -154
    88
   158
    59
  -111
  -136
   -28
    -9
   -40
  -128
  -143
   -55
   -54
   -35
  -105
  -227
  -160
   -65
    37
    25
  -213
  -396
  -349
  -122
   -73
  -315
  -505
  -469
  -208
    12
     0
   -76
  -208
  -308
  -204
   -90
  -149
  -322
  -358
  -187
   -95
  -108
  -184
  -250
  -104
   124
   266
   202
   -36
  -201
  -307
  -412
  -526
  -558
  -363
  -213
  -338
  -652
  -753
   151
  1955
  3180
  2638
   807
  -694
 -1042
  -715
  -467
  -641
  -852
  -816
  -665
  -444
  -393
  -482
  -480
  -460
  -339
  -147
   -56
  -106
  -188
   -78
    77
   126
   144
    93
    34
   -68
  -170
   -83
    56
   119
    52
  -168
  -282
  -167
     9
    -8
  -275
  -447
  -378
  -175
    21
    61
    79
    81
   -44
  -165
  -188
   -33
    98
    16
   -98
  -175
   -99
    38
    52
    42
   -47
  -158
  -202
  -184
   -93
  -116
  -120
    -9
    35
    99
   115
    40
    95
   230
   342
   356
   247
    14
  -358
  -582
  -602
  -542
  -369
  -252
  -173
  -177
  -281
   313
  1874
  3206
  2950
  1227
  -388
  -893
  -630
  -399
  -619
  -874
  -864
  -699
  -487
  -485
  -526
  -381
  -244
  -175
  -197
  -216
  -187
  -230
  -272
  -275
  -235
  -150
   -89
    12
    -5
  -187
  -255
  -241
  -152
   -27
   -52
   -75
   -73
  -116
  -189
  -253
  -214
  -247
  -323
  -291
  -253
  -149
   -53
   -26
    26
     5
    -7
    53
    49
   -31
  -144
  -148
  -109
   -99
    60
   184
    78
  -184
  -405
  -282
   -80
   -64
   -72
   -57
     5
     0
  -103
  -177
  -258
  -220
   -50
    41
   -47
  -225
  -172
    71
   227
   307
   235
    35
  -168
  -348
  -366
  -392
  -474
  -279
    17
   -34
  -499
  -547
   752
  2638
  3386
  2253
   299
  -722
  -589
  -283
  -416
  -747
  -767
  -614
  -494
  -439
  -447
  -224
    41
    14
  -154
  -295
  -154
   142
   123
  -103
  -223
  -162
   -31
    91
   234
   216
   -22
  -268
  -265
    83
   282
   124
   -57
  -145
  -132
  -104
   -76
    55
   132
    87
    39
    28
   -12
  -155
  -129
   144
   255
   167
    89
   139
   242
   133
   -27
     8
   154
   212
    53
   -88
   -77
    14
   147
   106
   -35
  -127
  -216
  -169
   -73
    -9
    65
    61
    41
    -7
   -33
    48
    88
   206
   419
   587
   688
   607
   463
   320
   124
   -54
  -195
  -143
     7
    78
   122
   -94
  -406
    20
  1514
  3170
  3399
  1816
  -174
 -1045
  -721
  -325
  -361
  -499
  -522
  -390
  -341
  -468
  -498
  -460
  -450
  -420
  -238
   180
   375
    76
  -268
  -243
    34
   124
     7
   -23
    99
   214
    49
  -221
  -232
   -83
    59
    66
   -21
   -49
  -150
  -255
  -198
  -100
   -34
   -72
  -111
   -84
  -157
  -216
  -130
    24
   169
   273
   321
   101
  -320
  -495
  -378
  -138
    27
     9
    -2
    13
    18
    14
   -77
  -181
  -279
  -219
    40
   247
   360
   337
   244
   197
    48
  -130
  -268
  -396
  -410
  -316
  -102
    51
  -198
  -551
  -147
  1324
  2687
  2551
  1138
  -235
  -722
  -610
  -548
  -538
  -467
  -491
  -517
  -428
  -291
  -246
  -301
  -303
  -288
  -187
    20
    80
    35
    -8
    92
   355
   418
   237
    46
    10
    85
    33
   -42
   -68
  -136
  -173
  -175
  -100
  -107
  -347
  -523
  -491
  -309
  -145
  -159
  -201
  -278
  -345
  -290
  -225
   -88
    62
   106
    50
  -119
  -180
  -130
  -196
  -316
  -343
  -206
   -74
   -90
   -90
   -51
     5
   103
   142
   150
   148
   154
   216
    66
  -301
  -518
  -473
  -306
  -214
  -144
  -123
  -310
  -274
   565
  1979
  2736
  1903
   282
  -713
  -697
  -379
  -466
  -690
  -651
  -540
  -532
  -595
  -502
  -258
  -145
  -154
  -230
  -219
   -33
   119
   178
   122
    79
   165
   207
   154
    24
   -76
   -59
   -64
   -70
   -67
   -89
  -125
  -268
  -390
  -440
  -513
  -488
  -372
  -195
   -85
  -248
  -438
  -454
  -335
  -170
  -133
  -116
     5
    94
    11
  -263
  -416
  -351
  -278
  -100
   129
   172
   -55
  -385
  -447
  -217
    69
   244
   283
   363
   384
   193
  -127
  -491
  -543
  -248
   -99
  -206
  -366
  -388
  -354
  -134
   933
  2517
  3382
  2677
   851
  -559
  -994
  -859
  -577
  -490
  -475
  -502
  -556
  -525
  -556
  -497
  -327
  -212
  -142
  -100
    68
   121
   -56
   -28
   183
   398
   466
   326
   218
    75
   -74
   -15
   109
   205
   179
    61
    21
  -111
  -245
  -160
    11
    76
   -82
  -216
  -147
    19
   205
   181
    12
   -92
  -125
    60
   288
   296
   121
  -203
  -408
  -290
    88
   416
   300
    29
   -55
   -17
    65
    38
    61
   230
   366
   446
   396
   221
    13
  -122
   -55
     6
  -126
  -269
  -261
   -71
    84
   -77
    -3
  1113
  2790
  3445
  2312
   468
  -664
  -712
  -362
  -310
  -375
  -411
  -386
  -175
   -47
   -51
   -76
  -105
   -82
   -89
   -59
    69
   235
   416
   487
   361
   111
    74
   375
   499
   291
    35
   -77
    76
   234
   196
    47
  -140
  -208
  -136
   -44
   -33
   -73
    39
   198
   158
   -48
  -297
  -376
  -287
  -215
   -80
    26
    17
    85
   251
   362
   152
  -312
  -476
  -194
   127
    78
  -212
  -272
  -148
   -25
    14
  -134
  -210
  -125
    15
    69
  -146
  -258
   -59
   189
   289
   182
    96
    23
  -217
  -459
  -439
  -116
    29
  -236
  -426
  -357
  -262
  -213
   240
  1616
  3018
  2951
  1400
  -311
  -942
  -664
  -348
  -256
  -379
  -515
  -538
  -442
  -261
  -335
  -587
  -633
  -354
     5
   -29
  -282
  -334
  -131
   174
   264
   184
    48
  -172
  -250
  -228
  -278
  -307
  -194
    50
    86
  -150
  -254
  -132
    16
   -61
  -341
  -533
  -560
  -425
  -171
   -23
   -42
  -127
  -193
  -220
  -181
    72
   294
   119
  -253
  -499
  -405
  -187
  -164
   -72
    90
    80
  -115
  -399
  -457
  -332
  -214
   -80
   -65
  -131
  -188
  -130
    18
   -70
  -259
  -334
  -256
   -35
     0
   -96
  -156
  -248
  -212
  -101
   -67
  -116
  -193
  -120
    -4
    27
   -20
  -110
   -35
    80
    63
   -24
  -163
  -181
   -80
   -86
  -187
  -252
  -112
    84
    89
    30
   -30
   -66
   -53
   -85
   -82
   -85
   -53
   189
   428
   444
   170
  -196
  -301
  -214
   -66
   -30
  -227
  -337
  -334
  -421
  -330
   598
  2391
  3532
  2790
   882
  -560
  -759
  -518
  -630
  -788
  -751
  -679
  -699
  -722
  -604
  -524
  -536
  -504
  -416
  -246
  -196
  -254
  -230
  -224
  -133
     7
    91
   147
    35
   -77
  -176
  -360
  -332
   -80
   185
   146
  -204
  -285
    28
   303
   215
    13
    79
    63
  -197
  -377
  -315
     8
   211
   174
   189
   213
   278
   293
    70
  -199
  -356
  -350
  -286
  -266
  -122
    71
    73
   -55
   -82
    92
   167
   -98
  -415
  -471
  -203
    19
  -170
  -393
  -325
  -104
   -58
  -336
  -542
  -522
  -435
  -446
  -598
  -548
  -328
   -62
   178
   108
   -29
    -8
    47
    56
   -67
  -153
  -138
   -80
   -12
   -59
   -84
    -7
   215
   653
   888
   704
   336
    54
     7
   -27
  -122
  -218
  -334
  -201
   121
   243
    10
  -172
   729
  2627
  3796
  3063
  1125
  -340
  -702
  -558
  -406
  -425
  -493
  -528
  -560
  -436
  -332
  -388
  -430
  -468
  -330
    18
   204
   143
    -6
   -19
    64
    41
    19
    54
    97
     0
  -215
  -184
   -94
  -132
  -124
   -82
    77
   166
   -23
  -253
  -347
  -283
  -283
  -372
  -276
   -74
    54
   -45
  -309
  -386
  -277
  -151
  -138
  -192
   -34
   171
   112
  -207
  -495
  -448
  -314
  -263
  -169
  -110
  -137
  -239
  -322
  -320
  -354
  -378
  -333
  -354
  -390
  -336
  -173
     9
   -11
  -135
  -299
  -498
  -572
  -491
  -222
   -65
  -191
  -263
  -230
  -170
  -226
  -372
  -332
  -270
  -264
  -148
    61
   245
   204
    49
   -28
  -128
  -246
  -377
  -438
  -359
  -282
  -211
  -266
  -481
  -409
   516
  2282
  3559
  2957
   983
  -701
 -1071
  -617
  -386
  -513
  -643
  -608
  -442
  -298
  -246
  -364
  -467
  -348
  -191
    -7
   175
   216
   145
   -69
  -173
    19
   250
   355
   289
   245
   233
    25
  -129
   -81
    50
    61
  -142
  -205
  -120
   -94
  -113
  -162
  -117
  -147
  -331
  -333
  -144
   118
   291
   219
    92
     2
    13
    93
   103
   160
   219
   251
   233
    36
   -86
   -20
   106
   230
   178
    34
   -25
    67
   277
   332
   241
   148
   117
   236
   268
   203
   135
    25
   150
   470
   626
   467
   109
    -2
   167
   272
   264
   306
   614
   969
  1021
   832
   532
   392
   404
   310
   236
   212
   260
   359
   242
   110
   538
  1863
  3348
  3543
  2207
   488
  -427
  -418
  -272
  -251
  -159
   -22
    93
    49
   -67
  -109
  -178
  -173
  -117
   -51
   187
   419
   459
   343
   222
   240
   280
   352
   395
   284
   203
   188
   260
   297
    77
  -114
  -174
  -208
  -202
  -212
  -146
  -114
  -188
  -176
  -141
  -139
  -190
  -242
  -202
  -222
  -156
    58
   129
    83
     3
    -1
    66
     2
   -38
    40
   141
   110
  -151
  -312
  -320
  -310
  -149
    67
   180
   114
    24
   171
   317
   258
    54
  -149
  -136
  -103
  -158
  -200
  -327
  -354
  -207
  -145
  -325
  -432
   355
  1848
  2635
  1867
   219
  -821
  -885
  -717
  -658
  -598
  -439
  -342
  -356
  -258
  -190
  -231
  -196
  -125
   -68
  -149
  -239
   -42
   171
   208
   191
   183
   304
   429
   360
   110
  -133
  -113
   -17
   -41
  -167
  -318
  -241
  -176
  -309
  -394
  -452
  -465
  -521
  -636
  -530
  -344
  -265
  -248
  -220
  -142
  -139
  -166
  -163
  -181
  -153
  -176
  -214
  -155
  -127
   -62
    -3
  -124
  -303
  -385
  -284
  -112
     2
    78
    70
   108
   179
    42
  -169
  -286
  -283
  -242
  -349
  -454
  -409
  -341
  -431
  -629
  -238
  1079
  2502
  2828
  1607
   -88
  -952
  -871
  -543
  -607
  -802
  -702
  -468
  -345
  -495
  -714
  -641
  -401
  -274
  -314
  -272
   -54
    36
   -42
  -132
  -133
    46
   222
   248
   106
  -171
  -257
   -51
   151
    71
  -165
  -170
  -126
  -275
  -433
  -474
  -327
  -235
  -352
  -380
  -307
  -243
  -190
  -135
   -51
   -47
   -57
   -22
     3
    21
  -101
  -230
  -217
  -133
    65
   124
   -67
  -178
  -107
    37
    33
  -113
   -60
   155
   259
   177
    76
    95
    15
  -178
  -283
  -291
  -186
  -164
  -189
  -179
  -407
  -532
   170
  1784
  3176
  2841
  1072
  -462
  -834
  -530
  -450
  -596
  -628
  -614
  -618
  -640
  -579
  -464
  -411
  -277
  -156
  -141
  -108
  -117
  -142
  -178
  -181
   -43
    59
   146
   244
   167
    10
  -150
  -203
  -168
  -252
  -264
  -122
   -54
  -188
  -356
  -257
  -100
  -139
  -287
  -418
  -346
  -219
  -192
  -131
  -107
   -16
   182
   141
  -122
  -313
  -225
    12
    13
  -133
  -158
   -10
   143
   100
     8
   -36
   -75
  -108
  -262
  -328
  -141
    74
   165
    15
  -136
     5
   267
   446
   362
   120
   -25
   -76
   -40
   -86
  -225
  -275
  -297
  -211
  -148
  -290
   -79
  1103
  2851
  3576
  2380
   453
  -655
  -668
  -472
  -644
  -739
  -623
  -532
  -531
  -598
  -530
  -413
  -371
  -286
  -192
   -63
     4
   -47
   -25
    73
   168
   145
    80
   164
   191
   102
    29
   -47
   -34
    -4
   -62
   -49
     0
   -44
  -174
  -217
   -47
    44
   -74
  -262
  -364
  -272
  -179
   -53
   161
   211
    92
   -99
  -165
   -65
   -31
    25
   113
    65
    -9
   -49
   -43
    -5
   -29
   -66
   -77
   -59
  -106
  -201
  -146
   -44
    51
   115
     5
  -141
  -233
  -253
  -152
   -51
    15
     3
   -70
   -22
    92
   129
   -28
  -244
  -173
    -2
    20
    -8
   -20
   -24
  -103
  -175
  -141
   -68
    22
    21
   -14
    38
    67
   101
    31
  -198
  -223
    -9
   200
   247
   167
   155
    76
   -65
  -121
  -105
    40
   119
    91
   136
   174
   214
   164
    18
   -21
    -3
    73
   117
    20
     2
    85
   202
   228
   139
   194
   261
   204
    95
    34
   270
   506
   433
   288
   227
   285
   235
   -20
  -242
  -323
  -122
    94
   -74
  -235
   332
  1831
  3160
  2840
  1112
  -469
  -883
  -531
  -317
  -329
  -401
  -502
  -525
  -543
  -538
  -517
  -485
  -298
  -152
  -121
  -130
  -131
   -40
   -54
  -104
     9
   152
   270
   264
   160
   105
    -4
  -132
  -192
  -184
  -116
  -102
   -47
     8
   -97
  -206
  -257
  -184
   -82
  -138
  -169
  -139
   -90
   -14
   -78
  -190
  -172
     0
   203
   150
   -68
  -158
   -46
   112
    52
   -19
    42
    31
   -42
  -152
  -175
  -140
  -232
  -203
   -56
   -18
  -114
  -243
  -119
    73
   -13
  -227
  -320
  -162
     4
    -9
   -65
  -163
  -162
   -93
  -139
  -183
  -229
  -188
   -29
     2
   -92
  -193
  -122
    88
    96
   -31
  -122
   -51
   191
   267
   224
   231
   211
   174
    76
    -5
   -59
  -199
  -308
  -307
  -195
  -153
  -338
   -50
  1297
  2891
  3238
  1810
   -98
 -1012
  -842
  -455
  -488
  -599
  -523
  -463
  -392
  -369
  -338
  -202
  -180
  -248
  -274
  -190
   -33
    -9
   -55
   -53
    60
   292
   372
   271
   135
    32
    14
   -43
   -98
  -138
  -227
  -179
  -118
  -156
  -173
  -252
  -337
  -412
  -450
  -352
  -337
  -385
  -295
   -41
   127
  -116
  -345
  -206
    18
   101
   -54
  -142
     8
    92
   100
    51
   -58
  -137
  -164
   -56
    -2
   -86
  -130
  -105
    56
   115
   -91
  -229
  -187
   -44
   -29
  -209
  -268
  -138
    98
   193
    19
  -102
  -146
  -145
   -66
   -98
  -143
  -124
   -62
   103
   225
   238
    91
  -157
  -179
    95
   505
   675
   459
   248
   129
    37
   -59
  -197
  -188
  -163
  -146
   -26
  -161
  -428
   -30
  1533
  3372
  3659
  2006
  -103
 -1077
  -794
  -408
  -448
  -630
  -694
  -538
  -406
  -412
  -408
  -385
  -345
  -342
  -345
  -244
  -136
   -64
   -16
    45
   140
   132
   139
   240
   223
    63
  -152
  -262
  -183
   -56
    40
    -5
  -172
  -303
  -331
  -247
  -279
  -372
  -251
  -149
  -229
  -348
  -362
  -172
    10
    18
   -62
  -140
  -135
  -134
  -111
   -27
    -6
    14
    21
    -5
   -26
  -103
   -87
   -33
   -77
  -132
  -236
  -253
  -177
  -129
    -6
    41
   -43
  -105
  -101
   -34
   -89
  -218
  -204
   -86
    26
    23
     0
    71
    65
    12
   -23
   -41
    34
    26
   -62
   -76
  -110
  -110
   -59
    57
   212
   218
   138
    22
   -61
   -60
  -153
  -206
  -122
    20
   225
   295
   220
   172
   221
   406
   427
   224
    59
   -51
   -41
   -24
   -84
  -139
  -197
  -119
  -120
  -319
   -99
  1150
  3010
  3719
  2398
   333
  -916
  -975
  -662
  -572
  -485
  -404
  -438
  -508
  -530
  -472
  -448
  -444
  -419
  -393
  -247
   -31
   160
   218
    58
   -11
    93
   120
    79
    14
   -11
    43
    51
     4
   -91
  -136
  -108
  -170
  -285
  -378
  -309
   -94
   -59
  -114
  -102
   -84
   -60
  -129
  -177
  -128
  -104
   -68
   -79
  -108
  -114
   -97
    38
    61
   -64
  -141
  -203
  -135
   -17
   -23
   -21
    -4
   -33
  -138
  -258
  -259
  -175
   -44
    21
    11
    63
    23
   -96
  -124
   -98
   -16
    39
    29
     0
   -97
  -118
   -25
    29
    17
   -32
    20
    47
  -129
  -225
  -138
     1
    89
    36
    -1
    12
    -1
    -9
   -22
    -9
   -28
   -68
   -74
   -61
   181
   509
   539
   368
   190
   155
   215
   160
   113
    28
  -172
  -312
  -333
  -184
   -11
    54
     8
  -251
  -158
  1045
  2929
  3871
  2709
   501
  -863
  -894
  -426
  -340
  -500
  -567
  -654
  -670
  -648
  -626
  -412
   -92
   110
   -77
  -500
  -551
  -222
    64
    49
   -39
   106
   193
    84
   -62
  -103
    65
   157
    91
    28
   -69
  -133
  -204
  -299
  -253
  -183
  -175
  -201
  -221
  -207
  -300
  -333
  -227
  -163
  -123
  -201
  -177
    46
   100
    31
   -26
   -52
   -44
   -48
    40
   108
    85
    76
    77
   119
    19
  -156
   -55
   115
   128
   -33
  -246
  -242
  -182
  -202
  -247
  -244
   -91
   -53
  -162
  -214
  -231
  -176
  -186
  -236
  -152
  -103
  -118
  -183
  -259
  -185
   -23
   116
    72
   -49
    17
    33
   -20
    90
   366
   704
   712
   346
    46
   -72
  -112
  -155
   -92
    77
   114
    82
   -40
  -361
  -506
   158
  1975
  3784
  3684
  1690
  -357
 -1011
  -659
  -487
  -670
  -763
  -623
  -455
  -427
  -392
  -348
  -346
  -297
  -321
  -332
  -224
  -156
   -60
    23
    68
   139
   171
   293
   378
   291
   115
   -99
   -72
    32
     3
    29
    54
    37
  -142
  -435
  -495
  -406
  -338
  -364
  -341
   -78
    76
    -9
  -214
  -406
  -287
   -79
     2
    30
   -24
    31
   133
    97
   -49
  -189
  -101
     5
   -47
   -61
   -19
    57
   -31
  -283
  -311
  -187
  -122
  -121
  -176
  -152
  -109
   -68
    45
    69
    25
    -9
   -46
  -144
  -342
  -313
   -21
   232
   286
    39
  -178
  -198
  -160
    63
   297
   354
   300
   208
   323
   560
   619
   442
   186
    80
    57
    20
   -42
  -124
   -46
    71
   -40
  -345
  -426
   660
  2860
  4331
  3625
  1397
  -354
  -697
  -460
  -425
  -597
  -658
  -564
  -587
  -580
  -388
  -177
   -27
   -17
  -125
  -242
  -224
    40
   333
   438
   315
   164
   305
   542
   534
   342
   231
   359
   380
   152
   117
   285
   308
    96
  -149
  -204
  -167
  -122
   -24
    42
   -50
  -237
  -199
   -28
  -154
  -328
  -225
   -20
    67
   -26
   -54
    47
    56
   -20
   -99
  -100
   -53
    20
   122
    56
  -114
  -181
  -164
   -58
   -13
  -109
  -126
   -79
    33
   146
    49
  -114
  -228
  -161
   117
   291
   244
    -9
   -81
   225
   540
   689
   439
    21
  -159
  -236
   -91
   106
    69
    47
   105
    80
  -314
  -789
  -272
  1524
  3422
  3592
  1753
  -252
 -1053
  -819
  -500
  -628
  -777
  -767
  -680
  -487
  -334
  -234
  -224
  -236
  -209
  -291
  -260
   -73
    16
    50
    95
   241
   361
   286
   290
   401
   397
   174
  -161
  -313
  -340
  -271
  -115
  -159
  -292
  -358
  -381
  -402
  -533
  -584
  -551
  -537
  -449
  -427
  -432
  -453
  -507
  -344
  -173
  -150
  -155
  -168
   -51
    67
    17
  -163
  -419
  -464
  -331
  -254
  -222
  -291
  -353
  -326
  -326
  -345
  -348
  -207
   -32
    23
   113
    97
   -69
  -203
  -351
  -418
  -471
  -636
  -608
  -340
  -137
  -271
  -611
  -226
  1428
  3330
  3607
  1762
  -376
 -1245
 -1054
  -726
  -730
  -683
  -631
  -799
  -820
  -660
  -410
  -292
  -388
  -333
  -155
    99
   272
   111
  -100
  -144
    69
   308
   221
    31
   -61
    41
   196
   110
     7
   -57
  -198
  -315
  -450
  -469
  -387
  -386
  -386
  -405
  -389
  -365
  -395
  -362
  -389
  -407
  -312
  -236
  -127
  -137
  -257
  -211
   -78
   -10
  -125
  -261
  -170
   -65
   -52
   -79
   -78
   -29
  -159
  -309
  -260
  -178
  -118
  -139
  -128
    19
   143
   283
   363
   240
   -15
  -270
  -220
   -67
  -188
  -362
  -364
  -138
  -105
  -469
  -101
  1647
  3559
  3766
  1913
  -215
 -1067
  -789
  -434
  -548
  -657
  -633
  -656
  -598
  -603
  -602
  -517
  -461
  -267
   -82
   -87
  -204
  -318
  -196
     9
   164
   276
   207
   147
    96
    29
    63
   -10
  -114
  -157
  -186
  -174
  -235
  -252
  -248
  -314
  -280
  -308
  -344
  -258
  -201
   -86
   -56
  -170
  -161
   -72
     3
   -55
  -157
   -75
    19
    26
   -76
  -199
  -163
  -151
  -157
  -132
  -152
   -78
   -66
  -156
  -174
  -179
  -108
   -60
   -91
  -114
  -237
  -295
  -221
   -88
    61
   -23
  -137
   -24
   185
   324
   197
    -8
  -106
  -168
  -136
  -144
  -202
  -210
  -260
  -226
  -253
  -493
  -327
   944
  2950
  3956
  2914
   849
  -653
  -883
  -576
  -633
  -804
  -759
  -566
  -445
  -588
  -737
  -723
  -573
  -369
  -288
  -248
  -184
  -159
  -222
  -494
  -785
  -876
  -803
  -465
   -29
   202
    81
  -307
  -424
  -290
  -300
  -420
  -476
  -338
  -408
  -793
  -927
  -665
  -179
    19
  -348
  -796
  -983
  -790
  -487
  -407
  -402
  -394
  -300
  -223
  -315
  -274
  -115
   -25
   -75
  -234
  -254
  -211
  -186
  -134
  -155
  -175
  -227
  -240
  -102
  -125
  -184
    -8
   142
    69
  -162
  -261
  -137
    37
   165
   166
   121
    68
     5
    60
   132
   124
    97
    35
    71
   232
   347
   342
   182
   146
   343
   377
   202
   115
   315
   622
   657
   441
   249
   302
   491
   577
   613
   564
   540
   798
  1053
  1010
   815
   759
   893
   846
   609
   472
   421
   321
    89
   -48
   -70
   -72
   619
  2363
  4036
  3992
  2051
   -68
  -985
  -864
  -593
  -694
  -795
  -748
  -751
  -642
  -527
  -549
  -594
  -562
  -419
  -349
  -356
  -336
  -292
  -182
  -125
   -66
    50
    13
   -48
   -23
   -21
   -54
  -156
  -117
   -15
  -227
  -529
  -584
  -307
    17
     1
  -150
  -177
  -148
  -314
  -660
  -618
  -131
   281
   296
   -44
  -218
   -87
   -26
   -61
  -120
   -52
   103
   160
   242
   220
    86
    46
    62
   158
   171
    79
     9
  -106
  -127
   -62
    36
   182
   191
    94
   -38
  -126
   -53
   -46
  -121
  -154
  -116
    25
    34
   -68
   -68
   -14
    91
   133
    82
    40
   -54
  -112
  -107
   -82
    -9
    67
   212
   419
   598
   643
   410
   134
   -34
  -162
  -111
    -9
   -25
   -40
   -53
   -96
  -288
  -506
     1
  1598
  3313
  3513
  1914
    43
  -868
  -851
  -626
  -621
  -602
  -550
  -568
  -562
  -610
  -641
  -602
  -497
  -280
  -108
   -48
  -130
  -211
   -82
    -4
   -64
  -164
  -171
    71
   150
  -102
  -298
  -278
  -100
   -25
  -107
  -222
  -302
  -209
  -202
  -343
  -314
  -218
  -152
  -197
  -310
  -264
  -233
  -267
  -252
  -194
  -131
  -200
  -182
   -10
    -6
  -131
  -201
  -112
    -3
  -101
  -203
  -270
  -375
  -348
  -247
  -130
   -65
  -117
   -67
    36
    20
  -167
  -412
  -378
  -207
  -133
   -60
    40
   250
   396
   282
   129
   129
   373
   614
   639
   529
   298
   268
   447
   430
   240
    -6
  -187
  -247
  -262
  -325
  -530
  -203
  1340
  3242
  3821
  2365
   190
  -882
  -765
  -473
  -516
  -648
  -634
  -618
  -601
  -619
  -666
  -432
   -32
   130
   -11
  -224
  -233
  -144
  -133
   -77
    98
   345
   366
    78
   -82
   -12
   171
   242
     2
  -231
  -287
  -244
  -237
  -343
  -332
  -285
  -318
  -363
  -414
  -337
  -256
  -246
  -195
  -156
   -58
   -40
  -120
   -48
    70
   211
   266
    84
   -58
  -129
  -215
  -246
  -228
  -154
  -202
  -310
  -232
  -113
  -114
  -327
  -533
  -536
  -578
  -530
  -316
  -165
   -31
   141
   407
   533
   264
   -90
  -351
  -545
  -663
  -668
  -545
  -572
  -657
  -609
  -702
  -553
   625
  2538
  3550
  2396
   114
 -1291
 -1278
  -782
  -718
  -930
 -1041
 -1057
  -875
  -586
  -390
  -351
  -512
  -630
  -611
  -524
  -341
  -152
   106
   258
    94
  -102
  -164
   -40
   145
   202
   198
    84
   -41
   -13
    91
   146
   -53
  -317
  -345
  -298
  -229
  -186
  -209
  -164
  -142
  -139
  -117
  -140
  -114
   -83
   -87
  -130
  -181
  -166
  -156
   -16
   236
   237
   -23
  -343
  -446
  -285
  -250
  -281
  -158
   -18
   125
   327
   649
   942
   902
   610
   330
   260
   217
   -16
  -166
  -178
   -42
   239
   264
   -25
  -246
   395
  2212
  3818
  3624
  1707
  -208
  -727
  -296
    92
    53
  -130
  -107
   -83
  -115
   -50
    44
   205
   378
   513
   629
   551
   434
   423
   511
   777
   997
  1087
  1048
   868
   795
   781
   734
   618
   435
   456
   534
   465
   280
    47
    58
   182
   234
   275
   209
   206
   273
   230
   183
   192
   347
   424
   212
    20
    34
   309
   524
   403
   294
   179
     1
     8
   132
   249
   268
   240
   370
   645
   840
   695
   394
   288
   214
   111
    16
   -93
   -54
    16
    12
  -104
  -319
   110
  1649
  3353
  3564
  1850
  -143
  -920
  -659
  -233
  -157
  -138
   -67
  -243
  -455
  -500
  -368
  -114
    30
   -13
  -212
  -277
   -80
   119
   287
   297
   220
   260
   225
   173
   135
    29
   -50
  -114
   -21
   128
   100
    -2
  -201
  -405
  -448
  -373
  -225
  -193
  -267
  -291
  -315
  -359
  -467
  -453
  -227
  -169
  -289
  -346
  -313
  -276
  -343
  -355
  -242
  -114
   -57
  -198
  -337
  -306
  -232
   -91
   -13
   -71
  -100
  -144
  -169
  -176
  -248
  -331
  -426
  -399
  -288
  -353
  -598
  -618
   321
  1807
  2352
  1414
  -169
  -975
  -708
  -358
  -394
  -605
  -699
  -624
  -591
  -521
  -376
  -240
  -101
  -132
  -235
  -280
  -289
  -166
  -101
   -62
    65
   107
    93
   -30
  -160
  -119
   -43
     3
   -63
  -150
  -130
  -140
  -174
  -278
  -408
  -361
  -282
  -297
  -410
  -511
  -317
   -47
   -55
  -306
  -532
  -467
  -301
  -255
  -213
  -154
   -81
  -110
  -246
  -294
  -311
  -303
  -266
  -206
   -35
    72
    82
    85
    72
    95
   -71
  -447
  -756
  -899
  -833
  -741
  -693
  -659
  -766
  -583
   422
  1863
  2535
  1576
  -154
 -1183
 -1203
  -873
  -809
  -864
  -834
  -886
  -914
  -852
  -683
  -492
  -548
  -724
  -878
  -912
  -777
  -714
  -667
  -522
  -317
  -139
  -293
  -634
  -883
  -997
  -814
  -479
  -235
  -199
  -363
  -460
  -516
  -568
  -577
  -573
  -348
  -134
  -195
  -334
  -432
  -298
   -21
    65
   -21
  -161
  -229
  -183
  -137
  -124
  -137
   -26
   127
    42
   -98
  -165
  -137
   -78
  -214
  -258
  -135
  -125
  -154
  -202
  -231
  -279
  -424
  -573
  -675
  -573
  -464
  -608
  -731
  -711
  -627
  -280
   850
  2586
  3369
  2278
   367
  -773
  -714
  -324
  -205
  -128
   -86
  -156
  -134
    -6
     1
  -214
  -265
    36
   293
   349
   288
   289
   371
   352
   388
   481
   511
   531
   447
   336
   269
   213
   214
   165
     2
  -173
  -232
  -113
    49
   132
    46
   -96
    70
   368
   430
   325
   149
    80
    74
    56
   190
   277
   284
   329
   249
   159
   180
   314
   417
   265
   129
   235
   418
   406
   223
   252
   328
   217
   157
   174
   275
   321
   179
    39
  -134
  -207
   -14
   248
   517
   584
   408
   223
    66
    82
   129
   -71
  -321
  -318
    67
   391
   243
   -45
   265
  1676
  3165
  3189
  1787
   131
  -620
  -490
  -372
  -426
  -434
  -445
  -508
  -514
  -359
  -304
  -430
  -507
  -507
  -379
  -256
  -237
  -180
  -224
  -325
  -264
  -141
  -111
  -254
  -337
  -283
  -313
  -341
  -298
  -219
  -285
  -663
  -958
  -980
  -938
  -940
  -994
  -936
  -800
  -741
  -696
  -652
  -626
  -699
  -779
  -558
  -231
   -84
  -101
  -166
   -33
    68
   -93
  -226
  -193
   -56
   -95
  -324
  -298
    -7
   248
   249
    87
    72
    88
    23
   -24
   -24
    25
   -46
   -79
   186
   415
   417
   313
   285
   331
   114
  -163
   -73
   303
   627
   494
   194
   180
   245
   229
   107
    53
   229
   430
   548
   519
   426
   358
   214
   162
   192
   171
   163
   115
   175
   359
   399
   325
   220
   134
   108
    86
    60
    -2
    20
   158
   195
   210
   246
   259
   305
   201
   101
   220
   295
   254
   202
   192
   101
   -78
   -67
    79
   253
   387
   344
   311
   248
    41
   -96
  -110
   -54
   -86
  -247
  -300
  -252
  -192
  -385
  -659
   123
  2079
  3619
  3191
  1088
  -667
  -926
  -402
  -281
  -683
  -823
  -623
  -366
  -213
  -348
  -431
  -295
  -111
    39
    23
    -5
    91
   154
   185
   331
   636
   772
   523
   175
   -29
   -15
    51
    43
   161
   293
   284
   217
    94
   112
   284
   345
   271
   112
    86
   259
   301
   168
   104
   286
   486
   376
   179
   161
   390
   634
   508
   214
   -16
  -190
  -247
  -196
    23
   105
  -253
  -605
  -571
  -255
   -96
  -321
  -458
  -315
  -226
  -380
  -701
  -910
 -1001
 -1048
 -1032
 -1107
 -1111
  -921
  -600
  -254
  -244
  -430
  -567
  -678
  -678
  -717
  -687
  -499
  -406
  -337
  -272
  -259
  -316
  -442
  -466
  -460
  -418
  -324
  -330
  -265
  -207
  -204
   -27
    48
   -87
  -202
  -141
    94
   129
   -27
   -25
   187
   411
   258
  -143
  -279
  -207
  -172
  -297
  -481
  -557
  -454
   389
  2028
  3328
  3152
  1373
  -478
 -1028
  -714
  -396
  -418
  -540
  -607
  -733
  -720
  -621
  -525
  -300
  -123
   -55
  -127
  -260
  -214
  -187
  -270
  -327
  -235
    16
   136
   162
   144
   -12
   -54
   -11
   -63
  -235
  -453
  -388
  -162
  -146
  -306
  -442
  -354
  -257
  -348
  -398
  -378
  -339
  -408
  -534
  -383
  -187
  -170
  -235
  -296
  -213
  -152
  -113
    10
   -39
  -238
  -451
  -535
  -486
  -526
  -503
  -350
  -148
   -25
  -238
  -520
  -650
  -682
  -562
  -455
  -333
  -165
  -167
  -322
  -537
  -586
  -411
  -320
  -342
  -358
  -290
  -208
  -383
  -605
  -571
  -429
  -363
  -494
  -595
  -456
  -267
  -166
  -237
  -217
    37
   165
   104
  -106
  -305
  -376
  -555
  -652
  -571
  -549
  -466
  -330
  -330
  -470
  -159
  1290
  2951
  3168
  1648
  -215
  -943
  -780
  -586
  -540
  -510
  -393
  -403
  -467
  -309
  -154
  -101
  -109
  -121
    22
   148
   141
   131
   253
   548
   692
   567
   371
   251
   351
   457
   471
   567
   673
   723
   584
   314
   188
   224
   420
   489
   304
   288
   431
   503
   448
   301
   214
   149
   199
   437
   642
   668
   439
   220
   279
   395
   562
   705
   596
   412
   292
   287
   317
   335
   492
   601
   552
   454
   339
   389
   474
   438
   408
   314
   204
   195
   271
   399
   419
   396
   365
   278
   298
   321
   312
   317
   294
   487
   812
   933
   777
   487
   375
   367
   254
    75
   -86
    13
   303
   435
   204
  -193
   229
  1828
  3301
  3220
  1586
  -112
  -635
  -323
  -114
  -349
  -607
  -542
  -333
   -76
    34
   -57
   -65
   -46
   -31
   -35
  -122
   -92
    37
   175
   255
   322
   527
   484
   119
  -148
  -146
   158
   316
   110
   -57
   -61
    24
    19
  -124
  -251
  -379
  -372
  -219
   -55
   105
    75
   -32
   -36
   -98
  -185
  -246
  -148
   119
   204
   193
   196
   205
   201
   -10
  -141
   -75
   -61
   -93
  -134
    -9
   160
   105
   -31
  -130
   -77
   -56
  -240
  -292
  -202
   -93
    14
    55
   168
   225
   147
   140
   253
   388
   212
  -146
  -205
  -117
   -80
  -184
  -355
  -281
  -222
  -470
  -725
  -251
  1413
  3179
  3440
