
     0
     0
    -1
    -1
    -1
    -7
     2
     7
   -32
    -2
   -69
   -62
    48
  -383
    84
  1216
  -346
 -2648
  1243
 13660
 27469
 31356
 30577
 28707
 28525
 28396
 27691
 26957
 26333
 25653
 25042
 24315
 23039
 21465
 19804
 18485
 17399
 16070
 14475
 13050
 12268
 11777
 10910
  9721
  8719
  8042
  7129
  5988
  5177
  4677
  4225
  3544
  2685
  1907
  1028
    33
  -834
 -1482
 -1882
 -2171
 -2389
 -2642
 -3076
 -3418
 -3635
 -3873
 -4075
 -4270
 -4485
 -4822
 -5106
 -5120
 -5111
 -5241
 -5609
 -5841
 -5472
 -5151
 -5396
 -5893
 -6162
 -6021
 -5936
 -6168
 -6405
 -6413
 -6303
 -6380
 -6437
 -6186
 -6012
 -6104
 -6190
 -6066
 -5846
 -5881
 -6052
 -6107
 -6085
 -6040
 -6167
 -6247
 -6042
 -5916
 -5928
 -5898
 -5759
 -5628
 -5731
 -5958
 -6186
 -6116
 -5516
 -4784
 -4385
 -4606
 -5185
 -5490
 -5485
 -5346
 -5179
 -5097
 -5114
 -5334
 -5497
 -5281
 -4954
 -4776
 -4859
 -5057
 -4944
 -4540
 -4211
 -4204
 -4308
 -4252
 -4188
 -4099
 -3907
 -3625
 -3321
 -3363
 -3561
 -3473
 -3233
 -3021
 -3035
 -3234
 -3358
 -3354
 -3215
 -3174
 -3258
 -3198
 -3105
 -3195
 -3611
 -3894
 -3446
 -2845
 -2746
 -2980
 -3110
 -2940
 -2850
 -2982
 -3023
 -2868
 -2617
 -2439
 -2326
 -2304
 -2523
 -2673
 -2495
 -2163
 -1938
 -2017
 -2113
 -2061
 -2047
 -2016
 -2040
 -2056
 -1966
 -1879
 -1641
 -1449
 -1491
 -1492
 -1444
 -1473
 -1628
 -1657
 -1397
 -1188
 -1133
 -1238
 -1439
 -1481
 -1385
 -1131
  -985
 -1222
 -1417
 -1280
 -1023
  -930
 -1062
 -1302
 -1382
  -733
   458
   996
   320
  -796
 -1228
  -898
  -650
  -740
  -895
 -1064
 -1141
 -1028
  -751
  -604
  -773
  -890
  -889
  -968
 -1054
  -961
  -654
  -545
  -687
  -692
  -533
  -326
  -334
  -571
  -598
  -415
  -127
   213
   275
   -48
  -498
  -559
  -252
  -163
  -419
  -845
 -1038
  -801
  -589
  -664
  -905
 -1033
  -894
  -767
  -774
  -795
  -795
  -772
  -868
  -851
  -581
  -507
  -641
  -776
  -779
  -575
  -448
  -503
  -642
  -668
  -516
  -396
  -364
  -480
  -631
  -608
  -486
  -353
  -346
  -412
  -373
  -329
  -333
  -344
  -305
  -272
  -420
  -546
  -423
  -264
  -280
  -477
  -613
  -518
  -363
  -274
  -198
    -5
   242
   248
     9
  -149
    -6
   180
     6
  -335
  -415
  -104
   554
  1276
  1607
  1242
   515
   215
   385
   380
   -91
  -541
  -367
    52
   135
   -23
  -249
  -322
  -157
    12
   -63
  -425
  -593
  -224
   296
   427
   223
   165
   232
   254
   343
   346
   198
   117
   215
   509
   740
   745
   773
   764
   463
     1
  -234
  -128
    -4
    -6
   -88
  -211
  -200
  -167
  -258
  -245
   -48
   185
   201
    41
    45
   167
   165
  -119
  -444
  -394
  -165
   -28
   -26
  -248
  -450
  -452
  -382
  -373
  -452
  -354
  -149
  -142
  -266
  -380
  -295
  -210
  -358
  -499
  -587
  -551
  -318
    -8
   225
   102
  -164
  -202
  -208
  -325
  -549
  -716
  -580
  -309
   -38
    97
   -59
  -350
  -585
  -561
  -395
  -273
  -273
  -671
  -891
  -170
   940
  1297
   590
  -108
   -72
    34
  -268
  -702
  -861
  -800
  -719
  -393
   -91
  -251
  -535
  -572
  -481
  -550
  -614
  -338
    15
    70
  -146
  -269
   -79
   143
   142
  -184
  -645
  -614
   -95
   334
   422
   275
   236
   368
   316
    23
  -264
  -499
  -677
  -651
  -580
  -730
  -860
  -791
  -626
  -300
    -3
   106
   129
   -83
  -435
  -578
  -487
  -293
  -124
   -26
   -74
  -131
   102
   422
   544
   424
   225
   222
   177
   -70
  -239
   -83
   258
   276
   108
   194
   429
   593
   506
   228
    -9
  -142
   -72
   248
   564
   583
   328
   134
   172
   285
   403
   502
   546
   532
   254
  -154
  -182
   166
   309
   -91
  -473
  -343
   138
   602
   679
   530
   275
    62
   474
  1204
  1425
   933
   243
     2
    36
   -17
  -135
  -173
  -125
  -176
  -180
  -156
  -302
  -336
  -143
    89
   153
   -96
  -329
  -236
   -87
  -158
  -273
  -162
   134
   284
   167
     3
    77
   323
   339
   292
   457
   555
   425
   110
   -76
    64
    82
  -203
  -516
  -626
  -523
  -441
  -400
  -321
  -198
  -143
  -254
  -232
  -152
  -312
  -475
  -475
  -316
  -216
  -263
  -129
    54
    41
   -62
  -134
  -238
  -518
  -563
  -223
    36
   128
   -27
  -333
  -410
  -136
   312
   266
  -277
  -465
  -183
    85
    58
   -27
   126
   202
    49
  -158
  -299
  -248
   -90
   153
   210
  -135
  -259
   -32
   138
   133
  -118
  -305
  -228
  -123
  -115
  -204
  -178
    -4
   124
    74
  -227
  -343
   115
   900
  1550
  1481
   614
  -250
  -392
    30
   204
  -236
  -615
  -381
    71
   116
  -247
  -339
   -38
    97
   -24
  -176
   -58
   251
   283
    18
  -283
  -190
   310
   678
   667
   305
    61
   223
   477
   625
   640
   694
   740
   550
   325
   214
   158
    19
  -160
  -161
  -240
  -400
  -306
   -75
    53
  -178
  -491
  -383
  -125
    35
    98
   -23
  -289
  -431
  -262
   -99
   -81
    42
   165
   119
  -102
  -399
  -394
  -201
  -128
     3
    20
  -116
   -84
    46
   104
   -52
  -263
  -329
  -255
    25
   176
    51
  -149
  -293
  -143
    24
   -16
    43
   134
   146
    52
  -117
  -117
    15
   166
   161
   -78
  -220
  -144
    39
   142
    15
  -121
   -74
   122
   284
   168
   -51
  -217
  -324
    -8
   755
  1450
  1411
   631
    83
    26
   -15
  -200
  -324
  -200
  -278
  -515
  -406
  -172
   -52
   -86
  -125
   -85
  -142
  -157
  -179
  -306
  -362
  -345
  -142
    10
   -96
    50
   394
   473
   197
  -112
    -2
   321
   477
   430
   411
   435
    51
  -380
  -265
    25
   -31
  -566
 -1048
  -962
  -578
  -232
   -65
  -113
  -291
  -409
  -250
   -36
  -134
  -490
  -725
  -525
  -159
   -36
   -33
    23
    76
   -36
  -287
  -449
  -489
  -508
  -493
  -376
  -148
    20
   -38
  -167
  -271
  -344
  -360
  -457
  -503
  -434
  -394
  -253
   -96
   -36
    -4
    25
   -15
  -295
  -580
  -547
  -295
  -160
  -315
  -334
   -90
   -62
  -267
  -395
  -239
   -32
  -238
  -419
    40
   802
  1215
   900
   258
   -39
   -21
    62
    -5
  -235
  -419
  -412
  -229
  -240
  -353
  -212
     4
    22
  -281
  -419
   -71
   206
   143
   -58
  -124
   -51
   -35
    84
   336
   487
   417
   252
   325
   580
   702
   677
   584
   430
   149
  -186
  -242
   -30
    31
  -207
  -421
  -269
    -7
  -124
  -432
  -483
  -286
  -197
  -346
  -349
  -113
    60
    92
     2
   -76
  -147
  -236
  -198
  -225
  -236
   -74
    36
    15
  -234
  -452
  -334
   -74
   215
   281
    42
  -321
  -569
  -378
   -90
    -7
    54
    81
    24
  -146
  -264
  -165
   -21
    28
   -14
   -30
    25
    84
   238
   303
    50
  -220
  -364
  -343
  -104
    84
   148
    95
   -34
   -16
    60
   -29
  -132
   266
  1087
  1508
  1205
   518
    84
   145
   172
    23
   -48
   -96
  -168
  -209
   -83
   118
   152
    22
  -157
  -142
   -40
  -140
  -138
    96
   370
   559
   419
   205
   236
   246
   125
    55
   179
   346
   500
   824
  1026
   953
   707
   328
    34
  -145
  -172
  -132
  -234
  -253
  -144
   -12
    53
   -95
  -171
  -102
  -110
   -97
  -100
  -189
  -234
  -178
   -34
   102
   201
   238
   176
   139
    14
  -252
  -405
  -377
  -146
   107
   166
   205
   229
   147
   -76
  -293
  -158
    80
   119
     1
  -181
  -118
   121
   292
   459
   541
   360
   -38
  -267
  -172
    15
   208
   209
   -32
   -47
   127
   154
   117
    78
   107
   182
    28
  -309
  -328
   348
  1203
  1508
  1117
   389
   112
   272
   278
   220
   115
   -18
   -14
    30
   142
   234
   271
   284
   177
    40
    -4
   203
   463
   427
   272
   160
   158
   229
   195
   277
   553
   703
   727
   778
   898
   969
   745
   372
   197
   227
   202
    69
   120
   265
   242
    31
  -256
  -165
   172
   142
  -121
  -193
    46
   273
   226
   105
    11
    -6
    57
    98
    60
   -74
   -32
   245
   348
   179
    18
    97
   192
   -28
  -143
    14
    -2
  -113
  -159
  -143
   -82
  -106
   -51
    91
   112
     4
  -131
  -122
   -64
    25
   138
   -29
  -229
  -156
    21
    85
   -95
  -275
  -309
  -286
  -122
     2
   -41
  -139
  -248
  -111
   422
  1113
  1469
  1028
   129
  -389
  -334
  -175
  -210
  -189
   -67
   -88
   -52
    66
    43
   -97
  -271
  -211
    11
   116
   194
   279
   325
   257
   234
   377
   463
   592
   765
   852
   880
   713
   582
   749
  1008
  1105
   883
   557
   347
   202
    97
   -83
  -171
   -55
   -65
  -249
  -511
  -544
  -212
   -48
  -184
  -307
  -247
  -155
  -328
  -497
  -405
  -221
  -197
  -463
  -559
  -303
   -68
   -44
  -401
  -702
  -449
  -176
  -219
  -273
  -137
    75
    51
  -110
  -133
  -101
  -144
  -213
   -89
    81
    36
    61
    98
    42
     6
  -213
  -466
  -454
   -82
   255
    10
  -310
  -264
   -60
    67
   -48
  -138
  -206
  -398
  -474
  -342
   107
   847
  1373
  1129
   290
  -233
  -217
  -159
  -266
  -353
  -162
   114
    86
  -128
  -271
  -328
  -300
  -248
  -177
   -85
  -121
  -234
  -320
  -269
  -129
  -216
  -329
  -201
   -14
   163
   269
   213
   125
   211
   402
   338
    23
  -225
  -277
  -261
  -535
  -893
  -896
  -876
 -1004
 -1117
 -1205
 -1224
 -1247
 -1167
  -990
  -922
  -902
  -915
  -860
  -829
  -926
  -795
  -620
  -655
  -674
  -532
  -303
  -365
  -620
  -692
  -527
  -177
   -67
  -183
  -176
  -219
  -282
  -246
  -123
   -10
  -159
  -327
  -226
     3
    99
   -99
  -210
  -114
  -109
  -122
   -51
   188
   340
   132
  -125
  -283
   -23
   783
  1325
  1037
   243
  -224
   -20
   274
   257
    58
   -55
    27
    55
    -8
    13
    43
    45
   -25
  -104
    44
   281
   304
    47
   -70
   185
   350
   309
   196
   151
   297
   343
   381
   571
   624
   563
   488
   447
   451
   260
    16
     3
   116
   100
    -4
    20
   -53
  -298
  -470
  -493
  -258
   -10
    11
   101
   252
   252
   148
     8
  -116
  -258
  -332
  -187
    39
   201
   128
   -62
    77
   316
   306
   141
   -82
  -138
   -19
    94
   184
   196
    97
   -78
   -30
   231
   217
    25
   -89
   -65
    99
    86
   -14
     9
    22
   197
   631
  1106
  1196
   752
   255
   -42
  -155
  -194
  -212
   -35
    37
  -123
  -224
  -206
   -63
    16
   -69
  -195
  -339
  -287
     7
   160
    -1
  -149
    -3
   120
   -55
  -229
  -147
   207
   537
   495
   308
   214
   260
   470
   486
   195
   -87
  -249
  -303
  -287
  -195
  -102
  -158
  -261
  -295
  -158
    10
   -14
  -101
  -168
  -172
  -183
  -281
  -191
    90
   196
   -14
  -206
  -114
    -8
   -58
   -61
    25
    83
   -35
  -249
  -174
    17
    24
    28
    66
    67
   -25
   -95
   -40
   -48
   -77
  -108
  -150
  -178
  -261
  -103
   211
   234
     4
  -213
  -147
   -69
  -254
  -260
   -40
   -30
  -316
  -557
  -378
   -84
  -108
  -232
  -160
    39
   -23
  -374
  -310
   360
  1092
  1219
   594
   -59
  -293
  -215
  -123
  -223
  -309
  -401
  -479
  -326
  -119
   -41
  -143
  -302
  -337
  -335
  -287
  -190
  -126
  -118
  -195
   -85
   196
   182
   -86
  -266
  -100
   313
   531
   488
   389
   400
   437
   265
    30
  -126
  -163
   -69
   -30
   -46
  -204
  -533
  -639
  -413
   -87
   -15
  -302
  -469
  -360
  -254
  -231
  -223
  -114
   -29
  -147
  -315
  -362
  -247
  -183
  -165
    85
   212
    29
  -177
  -259
   -95
    38
   -23
   -48
   -16
    21
    32
   142
   255
   151
    80
   147
   255
   308
   203
   163
   178
     2
  -193
  -150
   121
   345
   335
   255
   152
    47
   -23
   -91
   -10
    25
  -146
  -255
  -227
     7
   205
    83
   -17
    40
    22
  -236
  -329
   261
  1099
  1522
  1129
   242
  -234
  -315
  -300
  -220
  -288
  -399
  -388
  -338
  -367
  -439
  -331
  -148
   -92
  -112
  -223
  -292
  -273
  -317
  -347
  -352
  -336
  -166
   164
   474
   470
   237
    14
   -73
   165
   356
   178
    28
   105
   278
   263
   -86
  -353
  -344
  -318
  -380
  -430
  -502
  -680
  -710
  -588
  -476
  -231
   -56
   -69
  -126
  -326
  -546
  -617
  -555
  -373
  -191
   -75
   -61
   -57
     3
   -62
  -162
  -144
  -117
  -241
  -563
  -558
    54
   504
   157
  -506
  -606
  -251
  -210
  -457
  -578
  -476
  -338
  -373
  -344
  -166
  -197
  -429
  -556
  -561
  -641
  -794
  -823
  -718
  -629
  -781
 -1122
 -1132
  -927
 -1059
 -1332
 -1421
 -1159
  -745
  -797
 -1161
 -1220
  -952
  -822
 -1031
 -1235
 -1335
 -1278
  -817
    17
   859
   927
   186
  -405
  -619
  -772
  -928
 -1063
 -1065
  -885
  -561
  -333
  -319
  -243
  -206
  -382
  -616
  -635
  -227
    10
  -307
  -525
  -309
    11
    85
    89
   290
   457
   443
   333
   339
   527
   572
   480
   497
   583
   673
   592
   304
    37
  -134
  -225
  -316
  -299
   -78
    94
   160
   161
   215
   375
   266
    -4
     0
   253
   480
   403
   242
   311
   499
   608
   501
   392
   468
   545
   503
   369
   297
   364
   430
   446
   422
   379
   349
   316
   385
   492
   416
   346
   433
   512
   495
   419
   436
   437
   317
   259
   306
   463
   522
   424
   440
   484
   523
   547
   543
   689
   868
   855
   510
   120
   183
   426
   433
   294
   286
   501
   645
   650
   636
   459
   279
   374
   525
   423
   323
   927
  1923
  2071
  1209
   315
   181
   486
   484
   290
   209
   249
   348
   352
   292
   222
   126
    93
   178
   341
   487
   488
   330
   129
    56
   105
   191
   419
   580
   442
   237
   123
   340
   817
   991
   732
   268
   -22
    22
   133
   123
    -4
   -75
  -128
  -233
  -225
  -276
  -428
  -563
  -625
  -396
  -161
  -111
     6
    86
    49
  -141
  -446
  -570
  -386
    29
   302
   183
   -50
   -93
    94
   124
  -108
  -103
   102
   227
   215
   113
    94
   -28
  -229
  -188
    41
   287
   297
   170
   151
    53
  -104
  -182
  -146
    61
   253
   212
    -8
   -86
    32
    34
    37
   201
   288
   233
    55
   -43
   124
    90
  -190
  -206
   -11
   112
    90
    73
    -1
  -244
  -390
  -372
  -223
   -78
   -55
   -20
  -235
  -518
   -68
  1010
  1712
  1273
   228
  -287
  -201
   -81
  -178
  -333
  -350
  -407
  -433
  -234
   -48
   -36
  -192
  -282
  -225
  -236
  -240
  -202
  -151
   -69
   -49
    18
   109
   142
   155
   113
   176
   352
   446
   471
   405
   273
   184
   161
   227
   181
   -36
  -200
  -268
  -256
  -349
  -526
  -537
  -575
  -682
  -662
  -443
  -117
   -57
  -233
  -358
  -355
  -274
  -304
  -298
  -110
   -89
  -329
  -530
  -383
    64
   229
  -102
  -460
  -450
  -192
   -80
  -110
  -148
  -166
    38
   248
   222
    38
  -330
  -510
  -278
   -60
   -10
    38
   206
   348
   198
  -159
  -466
  -395
   -25
   212
   267
    90
  -115
  -118
  -144
   -91
    42
    95
   -16
  -332
  -437
  -156
   151
   154
   -37
   -69
     1
   166
   598
  1086
  1171
   670
    26
  -184
   -76
   -44
   -94
  -100
    15
   109
    56
   -40
  -126
  -137
   -93
   -30
    37
   -10
   -54
   -17
    35
   158
   251
   268
   311
   300
   191
   140
   358
   710
   791
   654
   504
   401
   336
   130
   -45
    20
   113
    28
  -259
  -515
  -574
  -492
  -470
  -597
  -554
  -299
  -207
  -308
  -356
  -217
   -15
   -90
  -353
  -468
  -425
  -267
  -226
  -362
  -352
   -43
   391
   408
    41
  -223
  -315
  -282
  -314
  -340
  -295
  -383
  -318
    20
   316
   297
    19
   -30
   127
    83
  -147
  -301
  -238
  -257
  -376
  -246
   -48
    43
    33
   -81
  -101
  -136
  -310
  -473
  -690
  -862
  -746
  -470
  -262
  -164
  -196
  -262
    98
   894
  1244
   700
  -216
  -710
  -539
  -303
  -321
  -220
   -76
  -248
  -537
  -575
  -409
  -381
  -378
   -93
   264
   346
   -16
  -383
  -282
   -42
    31
   -47
   -65
    40
   101
   166
   303
   556
   674
   442
   185
   159
   373
   535
   383
   171
    48
  -107
  -310
  -483
  -503
  -513
  -628
  -546
  -258
   -95
  -235
  -528
  -625
  -481
  -249
   -95
   -92
  -108
  -224
  -381
  -371
  -286
  -185
  -205
  -331
  -268
   -61
    97
    18
  -154
   -77
    83
    76
  -180
  -554
  -638
  -322
   114
   380
   265
   -52
  -129
    83
   268
   129
  -151
  -111
   146
   269
   181
    91
    34
  -121
  -167
  -157
   -85
   193
   292
   215
   141
    78
   327
   902
  1431
  1453
   988
   477
   160
   161
   136
   -30
    70
   296
   326
   128
  -122
  -197
   -99
   110
   219
   138
    84
   -11
  -163
  -116
    92
   304
   305
    58
   -12
   271
   580
   598
   447
   462
   586
   630
   553
   367
   240
   179
    86
    30
   -97
  -252
  -305
  -324
  -291
  -363
  -449
  -306
  -166
   -95
   -68
  -119
  -178
  -223
  -180
  -209
  -310
  -261
  -178
   -83
   -79
  -164
   -25
   165
   108
  -170
  -419
  -300
    36
   169
   -42
  -246
   -20
   219
    -6
  -340
  -291
   111
   239
   -84
  -268
   -51
   274
   273
    26
  -126
  -254
  -269
   -81
   109
   182
   100
    76
   185
   139
   -46
   -98
   -15
   -38
   -19
   630
  1652
  1918
  1030
  -166
  -564
  -183
   127
    71
   -75
   -48
     5
   -80
   -90
   -65
  -138
  -144
   -72
    -8
   -36
  -177
  -154
   175
   421
   170
  -206
  -129
   205
   451
   476
   226
   -24
   -61
   230
   729
   816
   315
   -50
   241
   520
   206
  -182
  -316
  -325
  -386
  -518
  -360
   -78
  -164
  -448
  -507
  -277
   -86
  -139
  -297
  -357
  -193
   -56
   -18
   180
   193
  -169
  -363
  -115
   240
   124
  -342
  -493
  -284
   -39
    93
   228
   330
    77
  -220
  -208
   -68
    93
   115
    12
   -60
   -98
   -39
   -18
    45
   254
   255
    31
  -169
  -144
    60
    22
  -189
  -299
  -319
  -276
  -189
   125
   289
  -171
  -441
   230
  1339
  1636
   685
  -357
  -644
  -417
  -228
  -277
  -234
  -132
  -194
  -351
  -501
  -465
  -243
     1
    93
   -80
  -177
   -47
    14
   -62
  -307
  -501
  -289
   155
   480
   450
   230
   185
   365
   520
   358
   163
   275
   359
   121
  -196
  -153
   139
   105
  -238
  -429
  -357
  -233
  -279
  -428
  -501
  -492
  -416
  -337
  -271
   -70
   180
   196
   -92
  -327
  -220
  -145
  -248
  -186
    13
   115
   -32
  -225
  -210
  -200
  -238
  -101
   113
   121
    50
   196
   223
    24
   -64
  -153
  -133
    60
    16
  -154
   -47
   377
   705
   506
   -52
  -407
  -437
  -593
  -735
  -252
   456
   583
   193
  -186
  -230
   -60
     3
  -138
  -454
  -659
  -334
   584
  1517
  1674
  1145
   549
    78
  -273
  -471
  -468
  -343
  -353
  -567
  -602
  -202
   283
   407
   162
  -168
  -292
  -127
   -54
  -227
  -213
   -18
   166
   345
   373
   326
   310
   231
    71
    58
   383
   676
   759
   672
   369
   228
   250
   165
     4
  -253
  -425
  -462
  -437
  -357
  -239
    37
   112
  -133
  -188
  -128
  -177
  -336
  -449
  -260
    19
   121
    -8
  -116
    58
   135
    -6
  -187
  -344
  -218
   -10
   -86
  -239
  -152
   123
   167
   -33
  -107
     3
   140
    -7
  -316
  -311
  -229
  -303
  -220
   118
   451
   407
   145
    66
    40
   -57
  -207
  -280
  -221
  -241
  -244
  -101
   152
   327
   152
   -54
   -62
  -112
  -182
   -96
   400
  1108
  1218
   561
   -92
  -154
    92
   149
    44
  -116
  -254
  -304
  -404
  -447
  -328
  -183
   -36
     4
    59
   237
   243
    29
  -301
  -457
  -252
    -9
   154
   196
   133
   198
   365
   513
   474
   365
   383
   312
   187
    77
   -76
  -254
  -488
  -454
  -114
    38
  -144
  -426
  -474
  -301
  -234
  -298
  -356
  -337
  -280
  -276
  -209
   -48
    20
   -95
  -286
  -270
   -89
   -47
  -125
  -151
   -41
     4
  -194
  -321
  -209
   -71
   -72
  -215
  -237
   -55
    91
   128
    74
   -40
  -168
  -200
   -43
    96
   149
   173
    95
    36
     8
    37
   154
    95
   -26
    12
    61
   -35
  -205
  -160
    16
    35
  -111
  -290
  -179
   106
    70
  -114
   116
   870
  1508
  1293
   506
   -35
  -112
  -147
  -422
  -564
  -408
  -171
     3
  -124
  -417
  -493
  -282
   -37
  -186
  -518
  -485
  -164
    32
   -88
  -178
   -41
    50
    50
     9
   114
   431
   599
   646
   738
   705
   442
   138
    82
   205
   260
    36
  -360
  -414
  -192
  -127
  -229
  -465
  -607
  -411
  -236
  -252
  -259
  -282
  -290
  -195
   -20
    87
   -13
  -199
  -271
  -116
    -2
   -75
   -23
    62
    70
    90
    17
  -156
  -403
  -466
  -176
   142
   281
   197
    76
    86
     4
  -137
   -87
   152
   323
   278
   243
   270
   176
   -48
  -314
  -386
  -265
  -290
  -392
  -254
   127
   437
   378
    38
  -459
  -755
  -187
   981
  1732
  1441
   554
   131
   265
   239
  -176
  -454
  -362
  -351
  -412
  -310
  -184
  -130
  -200
  -275
  -185
   -17
    80
     4
  -181
  -269
  -173
     8
    87
   108
   181
   203
   257
   405
   556
   695
   776
   761
   629
   491
   403
   228
   -26
  -267
  -356
  -220
  -150
  -362
  -603
  -613
  -459
  -284
  -211
  -223
  -182
   -67
   -20
  -151
  -351
  -522
  -519
  -258
   -56
    -4
    37
     8
  -132
  -354
  -437
  -299
  -118
    24
     4
   -87
   -52
   -26
   -11
    61
    84
    85
   113
   183
   249
   130
  -171
  -448
  -398
   -86
    29
   -70
  -217
  -156
   203
   291
   -99
  -614
  -446
   732
  1670
  1541
   843
   327
   225
    34
  -239
  -248
  -189
  -296
  -472
  -251
   135
    20
  -248
  -262
  -137
   -82
  -117
    76
   289
   189
    -3
   -67
   122
   320
   374
   536
   606
   444
   365
   556
   797
   682
   384
   203
    65
    -2
   -30
   -70
  -188
  -498
  -680
  -590
  -503
  -414
  -286
  -182
  -225
  -440
  -547
  -483
  -316
  -136
    13
   158
    86
  -119
  -288
  -391
  -264
   -94
   -47
    14
    51
    11
   -69
  -113
   -69
    90
   371
   436
    96
  -169
   -96
    55
   -22
  -283
  -259
   -27
     4
   -67
  -110
   -93
   -97
   -32
   117
    72
   217
   873
  1561
  1535
   681
    54
   130
   296
   188
  -161
  -292
   -54
    93
    63
   -74
  -235
  -278
  -306
  -309
  -237
   -92
    49
    11
  -114
  -228
  -271
  -243
  -372
  -493
  -369
  -264
  -272
  -260
  -110
    92
    39
  -129
  -151
  -124
  -232
  -475
  -587
  -639
  -744
  -644
  -399
  -243
  -247
  -304
  -205
   -61
   -15
    39
    87
    61
   -45
   -20
   206
   274
    94
  -139
  -151
   152
   343
   288
   215
   241
   333
   337
   297
   290
   242
   131
    31
   162
   475
   563
   443
   295
   138
    60
     8
   177
   546
   455
  -118
  -418
   177
  1332
  1980
  1610
   605
  -125
  -278
  -310
  -306
  -282
  -228
   -36
   -52
  -306
  -403
  -282
  -102
   -73
  -135
  -163
  -213
  -251
  -242
   -72
   128
    53
   -49
    10
   105
   237
   373
   553
   651
   530
   441
   415
   331
   145
   -56
   -73
   -37
   127
   373
   287
   -17
  -342
  -474
  -332
  -270
  -274
  -249
  -238
  -179
   -97
     9
    -7
  -167
  -278
  -281
  -101
    -9
  -132
  -126
   -32
    17
   -51
  -170
    10
   320
   286
   -60
  -234
    17
   288
   190
  -175
  -442
  -348
  -172
  -194
  -293
  -407
  -358
   -71
   135
    85
    -1
   374
  1141
  1491
  1089
   373
  -113
  -281
  -303
  -196
   -22
   170
   293
   129
  -220
  -523
  -536
  -205
   -90
  -335
  -453
  -195
   235
   292
   -21
  -187
    14
   389
   480
   336
   194
    43
    93
   312
   572
   689
   445
   291
   472
   636
   507
    58
  -310
  -364
  -314
  -258
  -150
    52
    97
  -132
  -221
  -149
   -82
   -56
   -80
    45
    87
  -103
  -149
    25
   163
    58
  -128
  -246
  -336
  -232
    85
   384
   434
   151
  -122
   -53
   137
   140
   -69
  -285
  -238
   -63
  -115
  -344
  -370
   -73
   138
    52
  -173
  -463
  -627
  -280
   752
  1774
  1732
   735
  -206
  -469
  -293
  -322
  -616
  -723
  -443
   -79
  -251
  -809
  -783
    -5
   488
   -16
  -767
  -841
  -491
  -236
  -214
  -254
  -228
  -297
  -256
   -69
  -125
  -208
     4
   427
   753
   683
   329
   -46
  -223
  -296
  -386
  -231
    14
    55
  -174
  -574
  -670
  -461
  -315
  -258
  -229
  -199
  -238
  -269
  -144
   -21
    78
   156
    44
  -121
   -86
   132
   307
   279
    25
  -388
  -609
  -375
   103
   472
   392
    77
   130
   324
   289
   217
   211
   119
  -227
  -393
    12
   494
   516
   104
  -203
  -234
  -245
   -32
   296
   192
  -207
   -54
  1026
  1949
  1632
   658
    -7
  -205
  -277
  -369
  -266
  -198
  -301
  -301
  -195
   -18
   -13
  -188
  -288
  -389
  -454
  -472
  -391
  -207
  -107
    -3
   139
   266
   342
   285
   229
   279
   369
   472
   525
   492
   413
   305
   246
   142
   -70
  -151
  -163
  -257
  -339
  -331
  -297
  -392
  -464
  -421
  -393
  -334
  -306
  -260
  -194
  -222
   -94
    87
   -92
  -528
  -710
  -392
   -29
    20
   -21
     1
   -25
  -215
  -416
  -358
  -156
   -39
   -17
    21
    96
   -51
  -388
  -521
  -393
  -147
    39
    48
   -53
  -207
  -198
     2
    34
  -109
  -154
    37
    48
  -422
  -503
   363
  1458
  1780
  1133
   378
   136
   222
   140
  -287
  -491
  -190
   186
   143
  -319
  -531
  -285
   -72
  -107
  -247
  -159
    32
    30
    60
   129
   113
     2
  -140
    -8
   308
   506
   496
   442
   560
   682
   712
   601
   349
   265
   287
   157
   -89
  -276
  -260
  -252
  -319
  -229
  -145
  -215
  -323
  -318
  -148
  -125
  -220
  -134
   -45
  -118
  -262
  -314
  -251
  -111
    68
    68
    -9
   139
   208
  -135
  -602
  -679
  -274
   -60
  -289
  -286
   131
   451
   158
  -456
  -654
  -390
   -13
    79
    58
   320
   453
   108
  -560
  -981
  -799
  -498
  -300
   -25
   221
   220
    25
     0
   140
   -37
  -567
  -720
   155
  1384
  1647
   907
    88
  -191
   -51
  -112
  -330
  -305
  -159
  -148
  -375
  -549
  -496
  -381
  -287
  -454
  -641
  -404
   -15
   190
    46
  -281
  -375
  -268
  -161
  -114
   -31
    76
     5
   -26
   167
   445
   667
   531
   211
    25
  -196
  -396
  -508
  -484
  -375
  -431
  -492
  -469
  -446
  -409
  -348
  -229
  -283
  -494
  -544
  -447
  -365
  -354
  -294
  -112
   -46
  -177
  -242
  -241
  -296
  -311
  -304
  -247
  -171
  -182
  -145
   -26
    13
  -163
  -316
  -196
     0
    66
  -135
  -397
  -371
  -245
   -53
   149
    36
  -150
   -68
   200
   207
  -204
  -492
  -368
   -26
   131
    22
   -55
  -178
  -326
  -242
   -29
    98
   -26
  -190
   176
  1010
  1559
  1278
   518
    73
   -11
   -93
  -229
  -258
  -134
  -136
  -233
  -228
  -184
   -82
   -29
   -82
  -138
  -278
  -368
  -244
  -106
   -97
  -127
     8
   234
   254
    78
   -31
   166
   402
   306
   217
   395
   557
   440
   101
  -150
  -248
  -281
  -275
  -335
  -389
  -359
  -272
  -184
  -312
  -486
  -443
  -341
  -192
   -90
  -181
  -276
  -176
   162
   335
    22
  -388
  -370
    73
   284
   117
   -67
  -208
   -99
   123
   192
   269
   282
   198
   -21
  -295
  -188
   192
   338
    89
  -133
    76
   298
   219
    33
   -87
   -33
    57
   162
   290
   248
    97
   -31
    11
   192
   167
    19
   -57
  -117
   -56
    45
    14
    -7
    70
   157
   177
   190
   109
  -140
   -58
   615
  1406
  1572
   773
   -53
    16
   424
   300
  -199
  -342
  -130
   -63
  -220
  -407
  -382
  -164
   -13
    51
    14
  -153
  -191
   -32
    78
    61
   106
   250
   281
   216
   151
   164
   367
   488
   457
   451
   397
   448
   653
   717
   467
    -9
  -345
  -390
  -335
  -301
  -302
  -277
  -248
  -245
  -185
  -188
  -273
  -305
  -300
  -124
   112
   133
    93
    74
    56
   -48
  -258
  -298
  -166
   -37
   -36
   -44
   142
   174
    47
    55
    40
    86
   242
   263
   145
    21
    41
   116
   107
    43
    50
   280
   434
   381
   355
   163
  -149
  -257
  -242
  -158
   -94
  -159
  -155
    -3
   146
   104
   -69
  -186
  -134
   393
  1093
  1219
   725
    60
  -219
  -184
  -305
  -495
  -545
  -417
  -274
  -281
  -296
  -378
  -540
  -552
  -444
  -325
  -232
  -104
   -23
  -140
  -204
  -142
   -62
    31
   -26
   -76
    46
   232
   430
   519
   618
   789
   826
   682
   315
   -28
  -142
  -194
  -150
   -31
    16
  -101
  -266
  -149
   106
   214
   233
   182
   115
   -55
  -311
  -275
   -48
    42
     7
    36
   282
   378
   170
    -3
   -28
    81
    98
    11
    -2
   -77
   -66
    30
    10
   -30
   -93
   -76
   -61
  -187
  -226
  -227
  -280
  -333
  -260
    69
   328
   287
    85
   -82
   -16
   140
   167
    67
  -118
  -204
  -136
   -64
    15
    74
   111
    48
  -167
   -96
   481
  1159
  1296
   703
   141
    21
    22
   -65
  -249
  -267
  -204
  -286
  -296
  -239
  -210
  -158
   -53
   -25
  -231
  -353
  -226
   -97
  -112
  -216
  -112
   165
   242
   216
   255
   198
    79
   124
   380
   522
   358
   280
   437
   553
   408
    40
  -161
  -155
  -203
  -318
  -393
  -334
  -202
    -6
   111
  -114
  -361
  -315
  -101
    47
   -68
  -126
    65
    76
  -146
  -219
    26
   321
   295
    40
  -217
  -363
  -322
  -154
    -7
   -25
   -24
   151
   151
     1
    80
   338
   379
   -90
  -583
  -466
     6
   320
   279
   107
    49
    47
   111
   150
    94
    84
   114
   112
   -54
  -311
  -296
   -84
    17
    -9
   -35
    33
   -19
  -209
  -220
   -80
    68
    61
  -128
  -409
  -590
   -55
  1016
  1586
  1174
   289
   -86
   100
   149
  -127
  -419
  -468
  -435
  -467
  -390
  -187
    48
   137
     8
   -39
    -3
   -47
  -121
  -233
  -276
  -266
  -268
  -152
    22
   157
   155
    81
   283
   643
   803
   609
   243
    58
   -94
  -266
  -308
  -349
  -327
  -263
  -249
  -231
  -330
  -430
  -425
  -428
  -406
  -440
  -483
  -394
  -267
  -132
  -133
  -239
  -264
  -297
  -330
  -403
  -498
  -529
  -574
  -447
  -178
   -27
    -6
  -163
  -259
  -138
   -87
  -181
  -380
  -536
  -588
  -731
  -758
  -510
  -230
  -150
  -237
  -228
  -203
  -237
  -188
  -148
  -116
  -151
  -275
  -208
    16
   125
   -33
  -221
   -39
   295
   295
  -150
  -535
  -313
    90
    85
  -113
   -83
   270
   509
   250
   -66
   204
  1013
  1519
  1204
   529
    64
    54
   237
   283
   291
   281
   227
    74
  -129
   -84
    85
   117
   -12
  -158
   -41
   185
   214
   113
    37
    76
   116
   166
   317
   335
   263
   304
   355
   387
   420
   421
   345
   182
   137
   280
   305
   -39
  -493
  -508
  -253
  -313
  -493
  -451
  -307
  -280
  -365
  -277
  -151
  -291
  -485
  -480
  -216
   -33
  -161
  -328
  -471
  -426
   -90
   154
    24
  -375
  -522
  -273
  -119
  -250
  -409
  -258
   116
   249
    31
  -258
  -306
  -195
  -195
  -207
  -147
   -30
   118
   108
    45
    -2
  -183
  -308
  -264
  -101
   171
   337
   261
    69
    12
    52
  -112
  -334
  -382
  -233
   -35
   -15
    12
    54
    35
    84
    79
    47
   -71
  -347
  -421
    20
   888
  1442
  1191
   606
   208
    98
   -24
  -321
  -408
  -213
   -27
    -9
  -200
  -329
  -216
  -104
  -208
  -342
  -157
   145
   129
  -136
  -313
  -178
    44
    35
   -87
  -176
   -94
   240
   533
   590
   492
   402
   431
   398
   234
    89
    37
     7
  -158
  -273
  -174
  -103
  -133
  -241
  -339
  -349
  -438
  -490
  -372
  -224
  -142
  -178
  -238
  -253
  -178
   -14
    11
  -106
  -194
  -188
  -146
  -164
  -106
    18
   -15
  -104
  -108
   -63
  -104
  -250
  -222
   -40
   -78
  -261
  -281
  -119
    32
    57
    -1
   -88
  -118
   -52
    12
    39
   -41
  -109
     4
   127
   144
    59
   -36
    12
   119
   125
   -80
  -297
  -182
    65
   102
   -83
  -237
   -91
    39
   -78
  -114
    -3
    -6
  -194
    13
   880
  1499
  1256
   537
    52
   -10
   -76
  -200
  -234
  -239
  -253
  -272
  -153
     3
    -5
   -76
  -203
  -260
  -158
   -57
    39
    43
   -11
    15
    80
   187
   119
   -92
    -8
   308
   492
   447
   467
   716
   807
   507
    65
   -78
   100
    84
   -83
  -164
  -297
  -368
  -322
  -242
  -242
  -426
  -504
  -468
  -632
  -663
  -180
   425
   619
   301
   -44
    26
    86
  -286
  -588
  -275
   160
   216
    57
  -241
  -251
    25
    63
    54
    23
   -77
   -28
    86
    47
  -214
  -277
  -122
   -53
    39
   108
   146
    15
  -225
  -184
  -159
  -253
   -63
   383
   499
   -52
  -472
  -172
   315
   324
  -110
  -180
   207
   255
   -83
  -383
  -398
   -65
   177
   -17
  -185
   223
  1035
  1650
  1611
   842
   -35
  -321
  -228
  -112
   -21
   -27
    10
    80
   -57
  -250
  -183
    58
   201
   129
   -66
  -155
     3
   126
   -32
   -16
   375
   663
   564
   196
     7
   142
   351
   561
   721
   899
   961
   666
   257
    42
   162
   432
   360
   -49
  -356
  -275
     2
    22
  -203
  -398
  -331
   -46
